"DATA";"ENFERMARIA_ADULTO_TOTAL";"ENFERMARIA_ADULTO_OCUPADOS";"ENFERMARIA_PEDIATRICA_TOTAL";"ENFERMARIA_PEDIATRICA_OCUPADOS";"UTI_ADULTO_TOTAL";"UTI_ADULTO_OCUPADOS";"UTI_PEDIATRICA_TOTAL";"UTI_PEDIATRICA_OCUPADOS";"ENFERMARIA_ADULTO_VAGOS";"ENFERMARIA_PEDIATRICA_VAGOS";"UTI_ADULTO_VAGOS";"UTI_PEDIATRICA_VAGOS";"ENFERMARIA_GERAL_TOTAL";"ENFERMARIA_GERAL_OCUPADOS";"ENFERMARIA_GERAL_VAGOS";"UTI_GERAL_TOTAL";"UTI_GERAL_OCUPADOS";"UTI_GERAL_VAGOS";"LEITOS_TOTAL";"LEITOS_OCUPADOS";"LEITOS_VAGOS";"ENFERMARIA_ADULTO_TX_OCUPACAO";"ENFERMARIA_PEDIATRICA_TX_OCUPACAO";"UTI_ADULTO_TX_OCUPACAO";"UTI_PEDIATRICA_TX_OCUPACAO";"ENFERMARIA_GERAL_TX_OCUPACAO";"UTI_GERAL_TX_OCUPACAO";"LEITOS_TX_OCUPACAO"
2020-06-05;1080;526;61;20;757;552;41;13;554;41;205;28;1141;546;595;798;565;233;1939;1111;828;0,487;0,3279;0,7292;0,3171;0,4785;0,708;0,573
2020-06-06;1099;549;61;15;759;526;41;11;550;46;233;30;1160;564;596;800;537;263;1960;1101;859;0,4995;0,2459;0,693;0,2683;0,4862;0,6712;0,5617
2020-06-08;1099;520;65;14;777;558;41;11;579;51;219;30;1164;534;630;818;569;249;1982;1103;879;0,4732;0,2154;0,7181;0,2683;0,4588;0,6956;0,5565
2020-06-10;1098;570;59;15;802;593;41;12;528;44;209;29;1157;585;572;843;605;238;2000;1190;810;0,5191;0,2542;0,7394;0,2927;0,5056;0,7177;0,595
2020-06-12;1098;570;59;15;802;593;41;12;528;44;209;29;1157;585;572;843;605;238;2000;1190;810;0,5191;0,2542;0,7394;0,2927;0,5056;0,7177;0,595
2020-06-15;1102;580;47;11;761;593;31;9;522;36;168;22;1149;591;558;792;602;190;1941;1193;748;0,5263;0,234;0,7792;0,2903;0,5144;0,7601;0,6146
2020-06-16;1177;624;59;16;825;610;41;12;553;43;215;29;1236;640;596;866;622;244;2102;1262;840;0,5302;0,2712;0,7394;0,2927;0,5178;0,7182;0,6004
2020-06-17;1177;633;59;18;827;638;41;11;544;41;189;30;1236;651;585;868;649;219;2104;1300;804;0,5378;0,3051;0,7715;0,2683;0,5267;0,7477;0,6179
2020-06-18;1189;615;59;13;827;638;41;13;574;46;189;28;1248;628;620;868;651;217;2116;1279;837;0,5172;0,2203;0,7715;0,3171;0,5032;0,75;0,6044
2020-06-19;1179;632;59;14;831;652;41;16;547;45;179;25;1238;646;592;872;668;204;2110;1314;796;0,536;0,2373;0,7846;0,3902;0,5218;0,7661;0,6227
2020-06-22;1228;627;59;13;855;656;41;9;601;46;199;32;1287;640;647;896;665;231;2183;1305;878;0,5106;0,2203;0,7673;0,2195;0,4973;0,7422;0,5978
2020-06-23;1228;665;59;16;857;660;41;11;563;43;197;30;1287;681;606;898;671;227;2185;1352;833;0,5415;0,2712;0,7701;0,2683;0,5291;0,7472;0,6188
2020-06-24;1219;673;59;17;857;674;41;11;546;42;183;30;1278;690;588;898;685;213;2176;1375;801;0,5521;0,2881;0,7865;0,2683;0,5399;0,7628;0,6319
2020-06-25;1221;681;59;17;857;678;40;12;540;42;179;28;1280;698;582;897;690;207;2177;1388;789;0,5577;0,2881;0,7911;0,3;0,5453;0,7692;0,6376
2020-06-26;1221;666;59;17;860;672;41;16;555;42;188;25;1280;683;597;901;688;213;2181;1371;810;0,5455;0,2881;0,7814;0,3902;0,5336;0,7636;0,6286
2020-06-27;1299;692;59;17;860;697;41;19;607;42;163;22;1358;709;649;901;716;185;2259;1425;834;0,5327;0,2881;0,8105;0,4634;0,5221;0,7947;0,6308
2020-06-28;1299;686;59;15;867;698;41;17;613;44;169;24;1358;701;657;908;715;193;2266;1416;850;0,5281;0,2542;0,8051;0,4146;0,5162;0,7874;0,6249
2020-06-29;1309;664;59;16;875;691;41;14;645;43;184;27;1368;680;688;916;705;211;2284;1385;899;0,5073;0,2712;0,7897;0,3415;0,4971;0,7697;0,6064
2020-06-30;1309;683;59;21;875;700;41;18;626;38;175;23;1368;704;664;916;718;198;2284;1422;862;0,5218;0,3559;0,8;0,439;0,5146;0,7838;0,6226
2020-07-01;1309;685;59;22;875;708;41;19;624;37;167;22;1368;707;661;916;727;189;2284;1434;850;0,5233;0,3729;0,8091;0,4634;0,5168;0,7937;0,6278
2020-07-02;1289;734;59;22;865;699;41;16;555;37;166;25;1348;756;592;906;715;191;2254;1471;783;0,5694;0,3729;0,8081;0,3902;0,5608;0,7892;0,6526
2020-07-03;1311;757;59;19;870;698;41;10;554;40;172;31;1370;776;594;911;708;203;2281;1484;797;0,5774;0,322;0,8023;0,2439;0,5664;0,7772;0,6506
2020-07-04;1311;745;59;23;872;715;41;17;566;36;157;24;1370;768;602;913;732;181;2283;1500;783;0,5683;0,3898;0,82;0,4146;0,5606;0,8018;0,657
2020-07-05;1311;722;59;20;872;705;41;20;589;39;167;21;1370;742;628;913;725;188;2283;1467;816;0,5507;0,339;0,8085;0,4878;0,5416;0,7941;0,6426
2020-07-06;1311;729;59;23;882;715;41;18;582;36;167;23;1370;752;618;923;733;190;2293;1485;808;0,5561;0,3898;0,8107;0,439;0,5489;0,7941;0,6476
2020-07-07;1345;729;59;21;897;717;41;19;616;38;180;22;1404;750;654;938;736;202;2342;1486;856;0,542;0,3559;0,7993;0,4634;0,5342;0,7846;0,6345
2020-07-08;1345;721;59;27;890;713;41;18;624;32;177;23;1404;748;656;931;731;200;2335;1479;856;0,5361;0,4576;0,8011;0,439;0,5328;0,7852;0,6334
2020-07-09;1353;751;59;29;908;730;41;21;602;30;178;20;1412;780;632;949;751;198;2361;1531;830;0,5551;0,4915;0,804;0,5122;0,5524;0,7914;0,6485
2020-07-10;1353;762;59;23;915;725;41;22;591;36;190;19;1412;785;627;956;747;209;2368;1532;836;0,5632;0,3898;0,7923;0,5366;0,5559;0,7814;0,647
2020-07-11;1353;761;59;21;926;733;40;20;592;38;193;20;1412;782;630;966;753;213;2378;1535;843;0,5625;0,3559;0,7916;0,5;0,5538;0,7795;0,6455
2020-07-12;1353;764;59;17;926;749;40;16;589;42;177;24;1412;781;631;966;765;201;2378;1546;832;0,5647;0,2881;0,8089;0,4;0,5531;0,7919;0,6501
2020-07-13;1353;748;59;24;926;732;40;18;605;35;194;22;1412;772;640;966;750;216;2378;1522;856;0,5528;0,4068;0,7905;0,45;0,5467;0,7764;0,64
2020-07-14;1393;765;59;26;943;730;40;17;628;33;213;23;1452;791;661;983;747;236;2435;1538;897;0,5492;0,4407;0,7741;0,425;0,5448;0,7599;0,6316
2020-07-15;1366;778;59;25;943;740;40;17;588;34;203;23;1425;803;622;983;757;226;2408;1560;848;0,5695;0,4237;0,7847;0,425;0,5635;0,7701;0,6478
2020-07-16;1366;760;59;24;943;753;40;16;606;35;190;24;1425;784;641;983;769;214;2408;1553;855;0,5564;0,4068;0,7985;0,4;0,5502;0,7823;0,6449
2020-07-17;1371;763;59;26;963;758;40;17;608;33;205;23;1430;789;641;1003;775;228;2433;1564;869;0,5565;0,4407;0,7871;0,425;0,5517;0,7727;0,6428
2020-07-18;1395;779;59;35;993;760;40;19;616;24;233;21;1454;814;640;1033;779;254;2487;1593;894;0,5584;0,5932;0,7654;0,475;0,5598;0,7541;0,6405
2020-07-19;1395;790;59;35;1009;768;40;19;605;24;241;21;1454;825;629;1049;787;262;2503;1612;891;0,5663;0,5932;0,7611;0,475;0,5674;0,7502;0,644
2020-07-20;1419;806;59;26;1013;761;41;18;613;33;252;23;1478;832;646;1054;779;275;2532;1611;921;0,568;0,4407;0,7512;0,439;0,5629;0,7391;0,6363
2020-07-21;1449;811;59;35;1053;750;41;21;638;24;303;20;1508;846;662;1094;771;323;2602;1617;985;0,5597;0,5932;0,7123;0,5122;0,561;0,7048;0,6214
2020-07-22;1489;835;59;27;1071;778;41;25;654;32;293;16;1548;862;686;1112;803;309;2660;1665;995;0,5608;0,4576;0,7264;0,6098;0,5568;0,7221;0,6259
2020-07-23;1482;837;59;28;1077;798;41;21;645;31;279;20;1541;865;676;1118;819;299;2659;1684;975;0,5648;0,4746;0,7409;0,5122;0,5613;0,7326;0,6333
2020-07-24;1482;839;59;33;1077;793;41;21;643;26;284;20;1541;872;669;1118;814;304;2659;1686;973;0,5661;0,5593;0,7363;0,5122;0,5659;0,7281;0,6341
2020-07-25;1482;831;59;34;1081;813;41;22;651;25;268;19;1541;865;676;1122;835;287;2663;1700;963;0,5607;0,5763;0,7521;0,5366;0,5613;0,7442;0,6384
2020-07-26;1481;840;59;34;1081;820;41;22;641;25;261;19;1540;874;666;1122;842;280;2662;1716;946;0,5672;0,5763;0,7586;0,5366;0,5675;0,7504;0,6446
2020-07-27;1481;846;59;39;1081;802;41;26;635;20;279;15;1540;885;655;1122;828;294;2662;1713;949;0,5712;0,661;0,7419;0,6341;0,5747;0,738;0,6435
2020-07-28;1493;823;59;37;1124;799;41;26;670;22;325;15;1552;860;692;1165;825;340;2717;1685;1032;0,5512;0,6271;0,7109;0,6341;0,5541;0,7082;0,6202
2020-07-29;1512;837;59;34;1133;826;41;23;675;25;307;18;1571;871;700;1174;849;325;2745;1720;1025;0,5536;0,5763;0,729;0,561;0,5544;0,7232;0,6266
2020-07-30;1508;822;59;22;1120;784;41;23;686;37;336;18;1567;844;723;1161;807;354;2728;1651;1077;0,5451;0,3729;0,7;0,561;0,5386;0,6951;0,6052
2020-07-31;1493;763;59;30;1130;817;41;22;730;29;313;19;1552;793;759;1171;839;332;2723;1632;1091;0,5111;0,5085;0,723;0,5366;0,511;0,7165;0,5993
2020-08-01;1504;768;59;27;1119;827;41;22;736;32;292;19;1563;795;768;1160;849;311;2723;1644;1079;0,5106;0,4576;0,7391;0,5366;0,5086;0,7319;0,6037
2020-08-02;1532;738;59;22;1124;835;41;22;794;37;289;19;1591;760;831;1165;857;308;2756;1617;1139;0,4817;0,3729;0,7429;0,5366;0,4777;0,7356;0,5867
2020-08-03;1527;711;59;24;1144;801;41;22;816;35;343;19;1586;735;851;1185;823;362;2771;1558;1213;0,4656;0,4068;0,7002;0,5366;0,4634;0,6945;0,5623
2020-08-04;1527;708;59;25;1144;763;41;19;819;34;381;22;1586;733;853;1185;782;403;2771;1515;1256;0,4637;0,4237;0,667;0,4634;0,4622;0,6599;0,5467
2020-08-05;1547;701;59;32;1144;768;41;22;846;27;376;19;1606;733;873;1185;790;395;2791;1523;1268;0,4531;0,5424;0,6713;0,5366;0,4564;0,6667;0,5457
2020-08-06;1547;695;59;29;1144;739;41;21;852;30;405;20;1606;724;882;1185;760;425;2791;1484;1307;0,4493;0,4915;0,646;0,5122;0,4508;0,6414;0,5317
2020-08-07;1547;691;59;33;1159;740;41;15;856;26;419;26;1606;724;882;1200;755;445;2806;1479;1327;0,4467;0,5593;0,6385;0,3659;0,4508;0,6292;0,5271
2020-08-08;1551;706;59;36;1159;724;41;12;845;23;435;29;1610;742;868;1200;736;464;2810;1478;1332;0,4552;0,6102;0,6247;0,2927;0,4609;0,6133;0,526
2020-08-09;1551;685;59;32;1159;689;41;19;866;27;470;22;1610;717;893;1200;708;492;2810;1425;1385;0,4417;0,5424;0,5945;0,4634;0,4453;0,59;0,5071
2020-08-10;1551;682;59;32;1169;725;41;20;869;27;444;21;1610;714;896;1210;745;465;2820;1459;1361;0,4397;0,5424;0,6202;0,4878;0,4435;0,6157;0,5174
2020-08-11;1551;719;59;30;1169;712;41;18;832;29;457;23;1610;749;861;1210;730;480;2820;1479;1341;0,4636;0,5085;0,6091;0,439;0,4652;0,6033;0,5245
2020-08-12;1564;702;59;30;1169;719;41;18;862;29;450;23;1623;732;891;1210;737;473;2833;1469;1364;0,4488;0,5085;0,6151;0,439;0,451;0,6091;0,5185
2020-08-13;1564;723;59;33;1169;745;41;17;841;26;424;24;1623;756;867;1210;762;448;2833;1518;1315;0,4623;0,5593;0,6373;0,4146;0,4658;0,6298;0,5358
2020-08-14;1564;726;59;33;1169;759;41;17;838;26;410;24;1623;759;864;1210;776;434;2833;1535;1298;0,4642;0,5593;0,6493;0,4146;0,4677;0,6413;0,5418
2020-08-15;1564;722;59;30;1169;740;41;15;842;29;429;26;1623;752;871;1210;755;455;2833;1507;1326;0,4616;0,5085;0,633;0,3659;0,4633;0,624;0,5319
2020-08-16;1564;725;59;35;1169;725;41;12;839;24;444;29;1623;760;863;1210;737;473;2833;1497;1336;0,4636;0,5932;0,6202;0,2927;0,4683;0,6091;0,5284
2020-08-17;1564;738;59;32;1169;694;41;18;826;27;475;23;1623;770;853;1210;712;498;2833;1482;1351;0,4719;0,5424;0,5937;0,439;0,4744;0,5884;0,5231
2020-08-18;1564;733;59;33;1169;709;41;18;831;26;460;23;1623;766;857;1210;727;483;2833;1493;1340;0,4687;0,5593;0,6065;0,439;0,472;0,6008;0,527
2020-08-19;1572;720;59;34;1179;706;41;17;852;25;473;24;1631;754;877;1220;723;497;2851;1477;1374;0,458;0,5763;0,5988;0,4146;0,4623;0,5926;0,5181
2020-08-20;1572;762;59;39;1179;708;41;16;810;20;471;25;1631;801;830;1220;724;496;2851;1525;1326;0,4847;0,661;0,6005;0,3902;0,4911;0,5934;0,5349
2020-08-21;1541;766;59;29;1180;704;41;18;775;30;476;23;1600;795;805;1221;722;499;2821;1517;1304;0,4971;0,4915;0,5966;0,439;0,4969;0,5913;0,5378
2020-08-22;1541;738;59;33;1182;681;41;15;803;26;501;26;1600;771;829;1223;696;527;2823;1467;1356;0,4789;0,5593;0,5761;0,3659;0,4819;0,5691;0,5197
2020-08-23;1541;730;59;31;1182;697;41;16;811;28;485;25;1600;761;839;1223;713;510;2823;1474;1349;0,4737;0,5254;0,5897;0,3902;0,4756;0,583;0,5221
2020-08-24;1574;718;59;27;1189;701;41;17;856;32;488;24;1633;745;888;1230;718;512;2863;1463;1400;0,4562;0,4576;0,5896;0,4146;0,4562;0,5837;0,511
2020-08-25;1592;711;59;28;1188;682;41;19;881;31;506;22;1651;739;912;1229;701;528;2880;1440;1440;0,4466;0,4746;0,5741;0,4634;0,4476;0,5704;0,5
2020-08-26;1592;710;59;28;1196;668;41;20;882;31;528;21;1651;738;913;1237;688;549;2888;1426;1462;0,446;0,4746;0,5585;0,4878;0,447;0,5562;0,4938
2020-08-27;1592;687;59;29;1196;668;41;16;905;30;528;25;1651;716;935;1237;684;553;2888;1400;1488;0,4315;0,4915;0,5585;0,3902;0,4337;0,553;0,4848
2020-08-28;1612;657;59;27;1196;685;41;23;955;32;511;18;1671;684;987;1237;708;529;2908;1392;1516;0,4076;0,4576;0,5727;0,561;0,4093;0,5724;0,4787
2020-08-29;1612;653;59;23;1196;699;41;19;959;36;497;22;1671;676;995;1237;718;519;2908;1394;1514;0,4051;0,3898;0,5844;0,4634;0,4045;0,5804;0,4794
2020-08-30;1612;653;59;22;1196;675;41;23;959;37;521;18;1671;675;996;1237;698;539;2908;1373;1535;0,4051;0,3729;0,5644;0,561;0,4039;0,5643;0,4721
2020-08-31;1612;663;59;21;1196;650;41;21;949;38;546;20;1671;684;987;1237;671;566;2908;1355;1553;0,4113;0,3559;0,5435;0,5122;0,4093;0,5424;0,466
2020-09-01;1596;645;57;27;1196;634;41;18;951;30;562;23;1653;672;981;1237;652;585;2890;1324;1566;0,4041;0,4737;0,5301;0,439;0,4065;0,5271;0,4581
2020-09-02;1558;629;37;15;1181;620;31;14;929;22;561;17;1595;644;951;1212;634;578;2807;1278;1529;0,4037;0,4054;0,525;0,4516;0,4038;0,5231;0,4553
2020-09-03;1428;570;37;12;1171;616;31;17;858;25;555;14;1465;582;883;1202;633;569;2667;1215;1452;0,3992;0,3243;0,526;0,5484;0,3973;0,5266;0,4556
2020-09-04;1428;531;37;12;1171;611;31;16;897;25;560;15;1465;543;922;1202;627;575;2667;1170;1497;0,3718;0,3243;0,5218;0,5161;0,3706;0,5216;0,4387
2020-09-05;1428;538;37;16;1171;599;31;16;890;21;572;15;1465;554;911;1202;615;587;2667;1169;1498;0,3768;0,4324;0,5115;0,5161;0,3782;0,5116;0,4383
2020-09-06;1428;532;37;15;1171;581;31;17;896;22;590;14;1465;547;918;1202;598;604;2667;1145;1522;0,3725;0,4054;0,4962;0,5484;0,3734;0,4975;0,4293
2020-09-07;1428;549;37;15;1171;571;31;15;879;22;600;16;1465;564;901;1202;586;616;2667;1150;1517;0,3845;0,4054;0,4876;0,4839;0,385;0,4875;0,4312
2020-09-08;1428;542;37;15;1171;554;31;14;886;22;617;17;1465;557;908;1202;568;634;2667;1125;1542;0,3796;0,4054;0,4731;0,4516;0,3802;0,4725;0,4218
2020-09-09;1428;543;37;13;1171;584;31;18;885;24;587;13;1465;556;909;1202;602;600;2667;1158;1509;0,3803;0,3514;0,4987;0,5806;0,3795;0,5008;0,4342
2020-09-10;1428;535;37;17;1171;575;31;18;893;20;596;13;1465;552;913;1202;593;609;2667;1145;1522;0,3746;0,4595;0,491;0,5806;0,3768;0,4933;0,4293
2020-09-11;1428;539;37;21;1171;573;31;20;889;16;598;11;1465;560;905;1202;593;609;2667;1153;1514;0,3775;0,5676;0,4893;0,6452;0,3823;0,4933;0,4323
2020-09-12;1428;545;37;22;1171;588;31;20;883;15;583;11;1465;567;898;1202;608;594;2667;1175;1492;0,3817;0,5946;0,5021;0,6452;0,387;0,5058;0,4406
2020-09-13;1428;512;37;22;1176;570;31;20;916;15;606;11;1465;534;931;1207;590;617;2672;1124;1548;0,3585;0,5946;0,4847;0,6452;0,3645;0,4888;0,4207
2020-09-14;1428;490;37;25;1181;579;31;15;938;12;602;16;1465;515;950;1212;594;618;2677;1109;1568;0,3431;0,6757;0,4903;0,4839;0,3515;0,4901;0,4143
2020-09-15;1428;489;37;17;1181;560;31;26;939;20;621;5;1465;506;959;1212;586;626;2677;1092;1585;0,3424;0,4595;0,4742;0,8387;0,3454;0,4835;0,4079
2020-09-16;1368;498;37;20;1102;561;31;20;870;17;541;11;1405;518;887;1133;581;552;2538;1099;1439;0,364;0,5405;0,5091;0,6452;0,3687;0,5128;0,433
2020-09-17;1263;520;39;23;1062;545;31;16;743;16;517;15;1302;543;759;1093;561;532;2395;1104;1291;0,4117;0,5897;0,5132;0,5161;0,4171;0,5133;0,461
2020-09-18;1243;493;39;20;1042;532;31;13;750;19;510;18;1282;513;769;1073;545;528;2355;1058;1297;0,3966;0,5128;0,5106;0,4194;0,4002;0,5079;0,4493
2020-09-19;1243;484;39;19;1042;497;31;12;759;20;545;19;1282;503;779;1073;509;564;2355;1012;1343;0,3894;0,4872;0,477;0,3871;0,3924;0,4744;0,4297
2020-09-20;1243;510;39;18;1042;502;31;13;733;21;540;18;1282;528;754;1073;515;558;2355;1043;1312;0,4103;0,4615;0,4818;0,4194;0,4119;0,48;0,4429
2020-09-21;1243;488;39;19;1042;508;31;13;755;20;534;18;1282;507;775;1073;521;552;2355;1028;1327;0,3926;0,4872;0,4875;0,4194;0,3955;0,4856;0,4365
2020-09-22;1228;496;39;18;1042;505;31;15;732;21;537;16;1267;514;753;1073;520;553;2340;1034;1306;0,4039;0,4615;0,4846;0,4839;0,4057;0,4846;0,4419
2020-09-23;1198;471;39;20;1032;509;31;14;727;19;523;17;1237;491;746;1063;523;540;2300;1014;1286;0,3932;0,5128;0,4932;0,4516;0,3969;0,492;0,4409
2020-09-24;1198;482;39;24;1032;500;31;14;716;15;532;17;1237;506;731;1063;514;549;2300;1020;1280;0,4023;0,6154;0,4845;0,4516;0,4091;0,4835;0,4435
2020-09-25;1198;479;39;20;1022;522;31;13;719;19;500;18;1237;499;738;1053;535;518;2290;1034;1256;0,3998;0,5128;0,5108;0,4194;0,4034;0,5081;0,4515
2020-09-26;1198;470;39;23;1027;523;31;13;728;16;504;18;1237;493;744;1058;536;522;2295;1029;1266;0,3923;0,5897;0,5093;0,4194;0,3985;0,5066;0,4484
2020-09-27;1198;475;39;19;1027;507;31;18;723;20;520;13;1237;494;743;1058;525;533;2295;1019;1276;0,3965;0,4872;0,4937;0,5806;0,3994;0,4962;0,444
2020-09-28;1208;477;39;21;1032;511;31;17;731;18;521;14;1247;498;749;1063;528;535;2310;1026;1284;0,3949;0,5385;0,4952;0,5484;0,3994;0,4967;0,4442
2020-09-29;1199;451;39;23;1032;515;31;16;748;16;517;15;1238;474;764;1063;531;532;2301;1005;1296;0,3761;0,5897;0,499;0,5161;0,3829;0,4995;0,4368
2020-09-30;1184;435;39;22;1032;539;30;14;749;17;493;16;1223;457;766;1062;553;509;2285;1010;1275;0,3674;0,5641;0,5223;0,4667;0,3737;0,5207;0,442
2020-10-01;1184;459;39;24;1032;528;30;13;725;15;504;17;1223;483;740;1062;541;521;2285;1024;1261;0,3877;0,6154;0,5116;0,4333;0,3949;0,5094;0,4481
2020-10-02;1184;452;39;27;1032;505;30;18;732;12;527;12;1223;479;744;1062;523;539;2285;1002;1283;0,3818;0,6923;0,4893;0,6;0,3917;0,4925;0,4385
2020-10-03;1184;444;39;22;1032;517;30;20;740;17;515;10;1223;466;757;1062;537;525;2285;1003;1282;0,375;0,5641;0,501;0,6667;0,381;0,5056;0,4389
2020-10-04;1184;443;39;25;1032;528;30;20;741;14;504;10;1223;468;755;1062;548;514;2285;1016;1269;0,3742;0,641;0,5116;0,6667;0,3827;0,516;0,4446
2020-10-05;1184;438;39;28;1032;532;31;21;746;11;500;10;1223;466;757;1063;553;510;2286;1019;1267;0,3699;0,7179;0,5155;0,6774;0,381;0,5202;0,4458
2020-10-06;1184;448;39;26;1032;518;31;20;736;13;514;11;1223;474;749;1063;538;525;2286;1012;1274;0,3784;0,6667;0,5019;0,6452;0,3876;0,5061;0,4427
2020-10-07;1184;447;39;27;1032;529;31;22;737;12;503;9;1223;474;749;1063;551;512;2286;1025;1261;0,3775;0,6923;0,5126;0,7097;0,3876;0,5183;0,4484
2020-10-08;1184;448;39;24;1032;534;31;23;736;15;498;8;1223;472;751;1063;557;506;2286;1029;1257;0,3784;0,6154;0,5174;0,7419;0,3859;0,524;0,4501
2020-10-09;1184;444;39;25;1032;527;31;22;740;14;505;9;1223;469;754;1063;549;514;2286;1018;1268;0,375;0,641;0,5107;0,7097;0,3835;0,5165;0,4453
2020-10-10;1184;431;39;22;1032;517;31;19;753;17;515;12;1223;453;770;1063;536;527;2286;989;1297;0,364;0,5641;0,501;0,6129;0,3704;0,5042;0,4326
2020-10-11;1184;439;39;21;1032;501;31;23;745;18;531;8;1223;460;763;1063;524;539;2286;984;1302;0,3708;0,5385;0,4855;0,7419;0,3761;0,4929;0,4304
2020-10-12;1184;461;39;23;1032;479;31;21;723;16;553;10;1223;484;739;1063;500;563;2286;984;1302;0,3894;0,5897;0,4641;0,6774;0,3957;0,4704;0,4304
2020-10-13;1184;459;39;22;1024;480;31;21;725;17;544;10;1223;481;742;1055;501;554;2278;982;1296;0,3877;0,5641;0,4688;0,6774;0,3933;0,4749;0,4311
2020-10-14;1104;425;39;19;904;474;31;23;679;20;430;8;1143;444;699;935;497;438;2078;941;1137;0,385;0,4872;0,5243;0,7419;0,3885;0,5316;0,4528
2020-10-15;1104;424;39;26;877;433;31;18;680;13;444;13;1143;450;693;908;451;457;2051;901;1150;0,3841;0,6667;0,4937;0,5806;0,3937;0,4967;0,4393
2020-10-16;1114;426;39;28;867;411;31;19;688;11;456;12;1153;454;699;898;430;468;2051;884;1167;0,3824;0,7179;0,474;0,6129;0,3938;0,4788;0,431
2020-10-17;1116;425;39;29;867;465;31;19;691;10;402;12;1155;454;701;898;484;414;2053;938;1115;0,3808;0,7436;0,5363;0,6129;0,3931;0,539;0,4569
2020-10-18;1106;422;39;32;867;481;31;18;684;7;386;13;1145;454;691;898;499;399;2043;953;1090;0,3816;0,8205;0,5548;0,5806;0,3965;0,5557;0,4665
2020-10-19;1106;413;39;24;867;472;31;22;693;15;395;9;1145;437;708;898;494;404;2043;931;1112;0,3734;0,6154;0,5444;0,7097;0,3817;0,5501;0,4557
2020-10-20;1091;410;39;27;858;408;31;22;681;12;450;9;1130;437;693;889;430;459;2019;867;1152;0,3758;0,6923;0,4755;0,7097;0,3867;0,4837;0,4294
2020-10-21;1091;428;39;26;868;416;31;16;663;13;452;15;1130;454;676;899;432;467;2029;886;1143;0,3923;0,6667;0,4793;0,5161;0,4018;0,4805;0,4367
2020-10-22;1091;429;39;25;868;428;31;16;662;14;440;15;1130;454;676;899;444;455;2029;898;1131;0,3932;0,641;0,4931;0,5161;0,4018;0,4939;0,4426
2020-10-23;1091;408;39;23;868;460;31;19;683;16;408;12;1130;431;699;899;479;420;2029;910;1119;0,374;0,5897;0,53;0,6129;0,3814;0,5328;0,4485
2020-10-24;1091;416;39;28;868;481;31;17;675;11;387;14;1130;444;686;899;498;401;2029;942;1087;0,3813;0,7179;0,5541;0,5484;0,3929;0,5539;0,4643
2020-10-25;1091;414;39;23;868;494;31;18;677;16;374;13;1130;437;693;899;512;387;2029;949;1080;0,3795;0,5897;0,5691;0,5806;0,3867;0,5695;0,4677
2020-10-26;1091;418;39;20;868;491;31;20;673;19;377;11;1130;438;692;899;511;388;2029;949;1080;0,3831;0,5128;0,5657;0,6452;0,3876;0,5684;0,4677
2020-10-27;1091;429;39;20;868;472;31;22;662;19;396;9;1130;449;681;899;494;405;2029;943;1086;0,3932;0,5128;0,5438;0,7097;0,3973;0,5495;0,4648
2020-10-28;1065;423;49;29;863;478;31;18;642;20;385;13;1114;452;662;894;496;398;2008;948;1060;0,3972;0,5918;0,5539;0,5806;0,4057;0,5548;0,4721
2020-10-29;1065;405;49;30;863;480;31;17;660;19;383;14;1114;435;679;894;497;397;2008;932;1076;0,3803;0,6122;0,5562;0,5484;0,3905;0,5559;0,4641
2020-10-30;1065;401;49;37;863;472;31;19;664;12;391;12;1114;438;676;894;491;403;2008;929;1079;0,3765;0,7551;0,5469;0,6129;0,3932;0,5492;0,4626
2020-10-31;1065;380;49;30;863;467;31;13;685;19;396;18;1114;410;704;894;480;414;2008;890;1118;0,3568;0,6122;0,5411;0,4194;0,368;0,5369;0,4432
2020-11-01;1065;383;49;27;863;466;31;16;682;22;397;15;1114;410;704;894;482;412;2008;892;1116;0,3596;0,551;0,54;0,5161;0,368;0,5391;0,4442
2020-11-02;1065;397;49;28;863;457;31;17;668;21;406;14;1114;425;689;894;474;420;2008;899;1109;0,3728;0,5714;0,5295;0,5484;0,3815;0,5302;0,4477
2020-11-03;1065;405;49;30;863;450;31;15;660;19;413;16;1114;435;679;894;465;429;2008;900;1108;0,3803;0,6122;0,5214;0,4839;0,3905;0,5201;0,4482
2020-11-04;1030;392;49;26;848;448;31;14;638;23;400;17;1079;418;661;879;462;417;1958;880;1078;0,3806;0,5306;0,5283;0,4516;0,3874;0,5256;0,4494
2020-11-05;1020;370;47;28;843;460;31;16;650;19;383;15;1067;398;669;874;476;398;1941;874;1067;0,3627;0,5957;0,5457;0,5161;0,373;0,5446;0,4503
2020-11-06;1020;378;47;27;843;460;31;18;642;20;383;13;1067;405;662;874;478;396;1941;883;1058;0,3706;0,5745;0,5457;0,5806;0,3796;0,5469;0,4549
2020-11-07;1020;379;47;24;843;447;31;17;641;23;396;14;1067;403;664;874;464;410;1941;867;1074;0,3716;0,5106;0,5302;0,5484;0,3777;0,5309;0,4467
2020-11-08;1020;388;47;21;843;440;31;15;632;26;403;16;1067;409;658;874;455;419;1941;864;1077;0,3804;0,4468;0,5219;0,4839;0,3833;0,5206;0,4451
2020-11-09;1020;388;47;21;843;434;31;15;632;26;409;16;1067;409;658;874;449;425;1941;858;1083;0,3804;0,4468;0,5148;0,4839;0,3833;0,5137;0,442
2020-11-10;1020;412;47;23;843;432;31;15;608;24;411;16;1067;435;632;874;447;427;1941;882;1059;0,4039;0,4894;0,5125;0,4839;0,4077;0,5114;0,4544
2020-11-11;1020;407;47;21;823;434;30;17;613;26;389;13;1067;428;639;853;451;402;1920;879;1041;0,399;0,4468;0,5273;0,5667;0,4011;0,5287;0,4578
2020-11-12;1020;408;47;26;823;441;30;17;612;21;382;13;1067;434;633;853;458;395;1920;892;1028;0,4;0,5532;0,5358;0,5667;0,4067;0,5369;0,4646
2020-11-13;1020;392;47;28;823;440;30;18;628;19;383;12;1067;420;647;853;458;395;1920;878;1042;0,3843;0,5957;0,5346;0,6;0,3936;0,5369;0,4573
2020-11-14;1020;387;47;29;823;463;30;18;633;18;360;12;1067;416;651;853;481;372;1920;897;1023;0,3794;0,617;0,5626;0,6;0,3899;0,5639;0,4672
2020-11-15;1020;389;47;29;823;456;30;15;631;18;367;15;1067;418;649;853;471;382;1920;889;1031;0,3814;0,617;0,5541;0,5;0,3918;0,5522;0,463
2020-11-16;1020;390;47;28;823;444;30;10;630;19;379;20;1067;418;649;853;454;399;1920;872;1048;0,3824;0,5957;0,5395;0,3333;0,3918;0,5322;0,4542
2020-11-17;1020;402;47;33;823;449;30;12;618;14;374;18;1067;435;632;853;461;392;1920;896;1024;0,3941;0,7021;0,5456;0,4;0,4077;0,5404;0,4667
2020-11-18;1020;411;47;29;823;458;30;17;609;18;365;13;1067;440;627;853;475;378;1920;915;1005;0,4029;0,617;0,5565;0,5667;0,4124;0,5569;0,4766
2020-11-19;1020;403;47;30;823;478;30;22;617;17;345;8;1067;433;634;853;500;353;1920;933;987;0,3951;0,6383;0,5808;0,7333;0,4058;0,5862;0,4859
2020-11-20;940;429;47;28;803;479;30;20;511;19;324;10;987;457;530;833;499;334;1820;956;864;0,4564;0,5957;0,5965;0,6667;0,463;0,599;0,5253
2020-11-21;940;420;47;28;803;501;30;19;520;19;302;11;987;448;539;833;520;313;1820;968;852;0,4468;0,5957;0,6239;0,6333;0,4539;0,6242;0,5319
2020-11-22;940;423;47;29;803;500;30;19;517;18;303;11;987;452;535;833;519;314;1820;971;849;0,45;0,617;0,6227;0,6333;0,458;0,623;0,5335
2020-11-23;940;419;47;24;803;491;30;22;521;23;312;8;987;443;544;833;513;320;1820;956;864;0,4457;0,5106;0,6115;0,7333;0,4488;0,6158;0,5253
2020-11-24;940;419;47;31;803;517;30;22;521;16;286;8;987;450;537;833;539;294;1820;989;831;0,4457;0,6596;0,6438;0,7333;0,4559;0,6471;0,5434
2020-11-25;940;427;47;27;813;514;30;17;513;20;299;13;987;454;533;843;531;312;1830;985;845;0,4543;0,5745;0,6322;0,5667;0,46;0,6299;0,5383
2020-11-26;940;426;47;28;821;530;30;17;514;19;291;13;987;454;533;851;547;304;1838;1001;837;0,4532;0,5957;0,6456;0,5667;0,46;0,6428;0,5446
2020-11-27;947;430;47;26;831;538;30;18;517;21;293;12;994;456;538;861;556;305;1855;1012;843;0,4541;0,5532;0,6474;0,6;0,4588;0,6458;0,5456
2020-11-28;947;441;47;31;831;562;30;19;506;16;269;11;994;472;522;861;581;280;1855;1053;802;0,4657;0,6596;0,6763;0,6333;0,4748;0,6748;0,5677
2020-11-29;947;445;47;26;831;540;30;20;502;21;291;10;994;471;523;861;560;301;1855;1031;824;0,4699;0,5532;0,6498;0,6667;0,4738;0,6504;0,5558
2020-11-30;947;443;47;34;831;568;30;16;504;13;263;14;994;477;517;861;584;277;1855;1061;794;0,4678;0,7234;0,6835;0,5333;0,4799;0,6783;0,572
2020-12-01;912;429;47;36;814;577;30;17;483;11;237;13;959;465;494;844;594;250;1803;1059;744;0,4704;0,766;0,7088;0,5667;0,4849;0,7038;0,5874
2020-12-02;912;443;47;37;846;611;30;15;469;10;235;15;959;480;479;876;626;250;1835;1106;729;0,4857;0,7872;0,7222;0,5;0,5005;0,7146;0,6027
2020-12-03;912;448;47;30;846;593;30;17;464;17;253;13;959;478;481;876;610;266;1835;1088;747;0,4912;0,6383;0,7009;0,5667;0,4984;0,6963;0,5929
2020-12-04;912;457;47;27;846;617;30;20;455;20;229;10;959;484;475;876;637;239;1835;1121;714;0,5011;0,5745;0,7293;0,6667;0,5047;0,7272;0,6109
2020-12-05;912;481;47;29;846;635;30;18;431;18;211;12;959;510;449;876;653;223;1835;1163;672;0,5274;0,617;0,7506;0,6;0,5318;0,7454;0,6338
2020-12-06;912;476;47;31;846;627;30;18;436;16;219;12;959;507;452;876;645;231;1835;1152;683;0,5219;0,6596;0,7411;0,6;0,5287;0,7363;0,6278
2020-12-07;912;483;47;28;846;649;30;21;429;19;197;9;959;511;448;876;670;206;1835;1181;654;0,5296;0,5957;0,7671;0,7;0,5328;0,7648;0,6436
2020-12-08;912;499;47;29;846;669;30;22;413;18;177;8;959;528;431;876;691;185;1835;1219;616;0,5471;0,617;0,7908;0,7333;0,5506;0,7888;0,6643
2020-12-09;912;508;47;30;846;651;30;19;404;17;195;11;959;538;421;876;670;206;1835;1208;627;0,557;0,6383;0,7695;0,6333;0,561;0,7648;0,6583
2020-12-10;850;482;47;33;832;650;30;16;368;14;182;14;897;515;382;862;666;196;1759;1181;578;0,5671;0,7021;0,7812;0,5333;0,5741;0,7726;0,6714
2020-12-11;838;471;47;33;875;663;30;13;367;14;212;17;885;504;381;905;676;229;1790;1180;610;0,5621;0,7021;0,7577;0,4333;0,5695;0,747;0,6592
2020-12-12;838;465;47;31;875;668;30;17;373;16;207;13;885;496;389;905;685;220;1790;1181;609;0,5549;0,6596;0,7634;0,5667;0,5605;0,7569;0,6598
2020-12-13;838;458;47;32;875;673;30;23;380;15;202;7;885;490;395;905;696;209;1790;1186;604;0,5465;0,6809;0,7691;0,7667;0,5537;0,7691;0,6626
2020-12-14;864;489;47;27;875;669;30;23;375;20;206;7;911;516;395;905;692;213;1816;1208;608;0,566;0,5745;0,7646;0,7667;0,5664;0,7646;0,6652
2020-12-15;889;464;47;22;874;626;30;12;425;25;248;18;936;486;450;904;638;266;1840;1124;716;0,5219;0,4681;0,7162;0,4;0,5192;0,7058;0,6109
2020-12-16;899;488;47;29;884;705;30;21;411;18;179;9;946;517;429;914;726;188;1860;1243;617;0,5428;0,617;0,7975;0,7;0,5465;0,7943;0,6683
2020-12-17;899;486;47;33;904;698;30;20;413;14;206;10;946;519;427;934;718;216;1880;1237;643;0,5406;0,7021;0,7721;0,6667;0,5486;0,7687;0,658
2020-12-18;879;475;47;32;924;696;35;22;404;15;228;13;926;507;419;959;718;241;1885;1225;660;0,5404;0,6809;0,7532;0,6286;0,5475;0,7487;0,6499
2020-12-19;879;493;47;32;924;691;35;19;386;15;233;16;926;525;401;959;710;249;1885;1235;650;0,5609;0,6809;0,7478;0,5429;0,567;0,7404;0,6552
2020-12-20;879;463;47;35;924;713;35;17;416;12;211;18;926;498;428;959;730;229;1885;1228;657;0,5267;0,7447;0,7716;0,4857;0,5378;0,7612;0,6515
2020-12-21;879;459;47;34;924;721;35;24;420;13;203;11;926;493;433;959;745;214;1885;1238;647;0,5222;0,7234;0,7803;0,6857;0,5324;0,7769;0,6568
2020-12-22;889;469;47;29;924;718;35;20;420;18;206;15;936;498;438;959;738;221;1895;1236;659;0,5276;0,617;0,7771;0,5714;0,5321;0,7696;0,6522
2020-12-23;951;474;47;30;929;718;35;23;477;17;211;12;998;504;494;964;741;223;1962;1245;717;0,4984;0,6383;0,7729;0,6571;0,505;0,7687;0,6346
2020-12-24;951;480;47;33;929;730;35;20;471;14;199;15;998;513;485;964;750;214;1962;1263;699;0,5047;0,7021;0,7858;0,5714;0,514;0,778;0,6437
2020-12-25;951;467;47;28;939;693;35;18;484;19;246;17;998;495;503;974;711;263;1972;1206;766;0,4911;0,5957;0,738;0,5143;0,496;0,73;0,6116
2020-12-26;951;468;47;30;939;712;35;20;483;17;227;15;998;498;500;974;732;242;1972;1230;742;0,4921;0,6383;0,7583;0,5714;0,499;0,7515;0,6237
2020-12-27;951;472;47;32;939;727;35;21;479;15;212;14;998;504;494;974;748;226;1972;1252;720;0,4963;0,6809;0,7742;0,6;0,505;0,768;0,6349
2020-12-28;956;468;47;35;949;726;35;18;488;12;223;17;1003;503;500;984;744;240;1987;1247;740;0,4895;0,7447;0,765;0,5143;0,5015;0,7561;0,6276
2020-12-29;965;486;47;31;949;702;35;20;479;16;247;15;1012;517;495;984;722;262;1996;1239;757;0,5036;0,6596;0,7397;0,5714;0,5109;0,7337;0,6207
2020-12-30;965;493;47;23;959;712;35;24;472;24;247;11;1012;516;496;994;736;258;2006;1252;754;0,5109;0,4894;0,7424;0,6857;0,5099;0,7404;0,6241
2020-12-31;965;479;47;24;959;725;35;23;486;23;234;12;1012;503;509;994;748;246;2006;1251;755;0,4964;0,5106;0,756;0,6571;0,497;0,7525;0,6236
2021-01-01;965;451;47;26;959;714;35;23;514;21;245;12;1012;477;535;994;737;257;2006;1214;792;0,4674;0,5532;0,7445;0,6571;0,4713;0,7414;0,6052
2021-01-02;965;433;47;24;959;714;35;21;532;23;245;14;1012;457;555;994;735;259;2006;1192;814;0,4487;0,5106;0,7445;0,6;0,4516;0,7394;0,5942
2021-01-03;965;448;47;26;959;706;35;19;517;21;253;16;1012;474;538;994;725;269;2006;1199;807;0,4642;0,5532;0,7362;0,5429;0,4684;0,7294;0,5977
2021-01-04;965;442;47;30;959;681;35;20;523;17;278;15;1012;472;540;994;701;293;2006;1173;833;0,458;0,6383;0,7101;0,5714;0,4664;0,7052;0,5847
2021-01-05;965;469;47;33;959;687;35;20;496;14;272;15;1012;502;510;994;707;287;2006;1209;797;0,486;0,7021;0,7164;0,5714;0,496;0,7113;0,6027
2021-01-06;975;468;47;29;969;700;35;25;507;18;269;10;1022;497;525;1004;725;279;2026;1222;804;0,48;0,617;0,7224;0,7143;0,4863;0,7221;0,6032
2021-01-07;975;454;47;30;969;721;35;24;521;17;248;11;1022;484;538;1004;745;259;2026;1229;797;0,4656;0,6383;0,7441;0,6857;0,4736;0,742;0,6066
2021-01-08;975;458;47;30;969;719;35;24;517;17;250;11;1022;488;534;1004;743;261;2026;1231;795;0,4697;0,6383;0,742;0,6857;0,4775;0,74;0,6076
2021-01-09;980;478;47;31;974;682;35;24;502;16;292;11;1027;509;518;1009;706;303;2036;1215;821;0,4878;0,6596;0,7002;0,6857;0,4956;0,6997;0,5968
2021-01-10;980;513;47;30;974;688;35;23;467;17;286;12;1027;543;484;1009;711;298;2036;1254;782;0,5235;0,6383;0,7064;0,6571;0,5287;0,7047;0,6159
2021-01-11;980;511;47;32;974;714;35;21;469;15;260;14;1027;543;484;1009;735;274;2036;1278;758;0,5214;0,6809;0,7331;0,6;0,5287;0,7284;0,6277
2021-01-12;980;509;47;33;984;709;35;17;471;14;275;18;1027;542;485;1019;726;293;2046;1268;778;0,5194;0,7021;0,7205;0,4857;0,5278;0,7125;0,6197
2021-01-13;970;497;47;28;984;712;35;22;473;19;272;13;1017;525;492;1019;734;285;2036;1259;777;0,5124;0,5957;0,7236;0,6286;0,5162;0,7203;0,6184
2021-01-14;965;518;47;29;984;705;35;20;447;18;279;15;1012;547;465;1019;725;294;2031;1272;759;0,5368;0,617;0,7165;0,5714;0,5405;0,7115;0,6263
2021-01-15;965;475;47;29;984;728;35;20;490;18;256;15;1012;504;508;1019;748;271;2031;1252;779;0,4922;0,617;0,7398;0,5714;0,498;0,7341;0,6164
2021-01-16;965;494;47;30;984;725;35;17;471;17;259;18;1012;524;488;1019;742;277;2031;1266;765;0,5119;0,6383;0,7368;0,4857;0,5178;0,7282;0,6233
2021-01-17;965;491;47;27;984;714;35;20;474;20;270;15;1012;518;494;1019;734;285;2031;1252;779;0,5088;0,5745;0,7256;0,5714;0,5119;0,7203;0,6164
2021-01-18;965;479;47;31;984;743;35;19;486;16;241;16;1012;510;502;1019;762;257;2031;1272;759;0,4964;0,6596;0,7551;0,5429;0,504;0,7478;0,6263
2021-01-19;965;516;47;30;984;727;35;20;449;17;257;15;1012;546;466;1019;747;272;2031;1293;738;0,5347;0,6383;0,7388;0,5714;0,5395;0,7331;0,6366
2021-01-20;965;530;47;33;984;725;35;21;435;14;259;14;1012;563;449;1019;746;273;2031;1309;722;0,5492;0,7021;0,7368;0,6;0,5563;0,7321;0,6445
2021-01-21;965;513;47;30;984;727;35;21;452;17;257;14;1012;543;469;1019;748;271;2031;1291;740;0,5316;0,6383;0,7388;0,6;0,5366;0,7341;0,6356
2021-01-22;969;498;47;37;984;721;35;21;471;10;263;14;1016;535;481;1019;742;277;2035;1277;758;0,5139;0,7872;0,7327;0,6;0,5266;0,7282;0,6275
2021-01-23;969;508;47;30;984;728;35;20;461;17;256;15;1016;538;478;1019;748;271;2035;1286;749;0,5243;0,6383;0,7398;0,5714;0,5295;0,7341;0,6319
2021-01-24;969;525;47;32;984;717;35;23;444;15;267;12;1016;557;459;1019;740;279;2035;1297;738;0,5418;0,6809;0,7287;0,6571;0,5482;0,7262;0,6373
2021-01-25;969;510;47;31;984;696;35;23;459;16;288;12;1016;541;475;1019;719;300;2035;1260;775;0,5263;0,6596;0,7073;0,6571;0,5325;0,7056;0,6192
2021-01-26;969;496;47;34;984;691;35;21;473;13;293;14;1016;530;486;1019;712;307;2035;1242;793;0,5119;0,7234;0,7022;0,6;0,5217;0,6987;0,6103
2021-01-27;969;495;47;30;984;698;35;24;474;17;286;11;1016;525;491;1019;722;297;2035;1247;788;0,5108;0,6383;0,7093;0,6857;0,5167;0,7085;0,6128
2021-01-28;969;491;47;31;984;696;35;23;478;16;288;12;1016;522;494;1019;719;300;2035;1241;794;0,5067;0,6596;0,7073;0,6571;0,5138;0,7056;0,6098
2021-01-29;969;497;47;31;984;684;35;16;472;16;300;19;1016;528;488;1019;700;319;2035;1228;807;0,5129;0,6596;0,6951;0,4571;0,5197;0,6869;0,6034
2021-01-30;969;490;47;26;984;714;35;20;479;21;270;15;1016;516;500;1019;734;285;2035;1250;785;0,5057;0,5532;0,7256;0,5714;0,5079;0,7203;0,6143
2021-01-31;969;507;47;32;984;711;35;22;462;15;273;13;1016;539;477;1019;733;286;2035;1272;763;0,5232;0,6809;0,7226;0,6286;0,5305;0,7193;0,6251
2021-02-01;994;507;47;28;1038;708;35;21;487;19;330;14;1041;535;506;1073;729;344;2114;1264;850;0,5101;0,5957;0,6821;0,6;0,5139;0,6794;0,5979
2021-02-02;994;542;47;28;1038;699;35;22;452;19;339;13;1041;570;471;1073;721;352;2114;1291;823;0,5453;0,5957;0,6734;0,6286;0,5476;0,6719;0,6107
2021-02-03;994;519;47;27;1038;732;35;18;475;20;306;17;1041;546;495;1073;750;323;2114;1296;818;0,5221;0,5745;0,7052;0,5143;0,5245;0,699;0,6131
2021-02-04;994;536;47;26;1018;753;35;19;458;21;265;16;1041;562;479;1053;772;281;2094;1334;760;0,5392;0,5532;0,7397;0,5429;0,5399;0,7331;0,6371
2021-02-05;994;526;47;29;1018;729;36;17;468;18;289;19;1041;555;486;1054;746;308;2095;1301;794;0,5292;0,617;0,7161;0,4722;0,5331;0,7078;0,621
2021-02-06;1004;538;47;30;1038;741;36;18;466;17;297;18;1051;568;483;1074;759;315;2125;1327;798;0,5359;0,6383;0,7139;0,5;0,5404;0,7067;0,6245
2021-02-07;1004;533;47;21;1038;744;36;21;471;26;294;15;1051;554;497;1074;765;309;2125;1319;806;0,5309;0,4468;0,7168;0,5833;0,5271;0,7123;0,6207
2021-02-08;1004;544;47;30;1038;757;36;20;460;17;281;16;1051;574;477;1074;777;297;2125;1351;774;0,5418;0,6383;0,7293;0,5556;0,5461;0,7235;0,6358
2021-02-09;1004;543;47;36;1038;754;36;20;461;11;284;16;1051;579;472;1074;774;300;2125;1353;772;0,5408;0,766;0,7264;0,5556;0,5509;0,7207;0,6367
2021-02-10;1004;521;47;29;1038;764;36;18;483;18;274;18;1051;550;501;1074;782;292;2125;1332;793;0,5189;0,617;0,736;0,5;0,5233;0,7281;0,6268
2021-02-11;1004;542;47;36;1038;749;36;19;462;11;289;17;1051;578;473;1074;768;306;2125;1346;779;0,5398;0,766;0,7216;0,5278;0,55;0,7151;0,6334
2021-02-12;994;573;47;29;1068;762;36;23;421;18;306;13;1041;602;439;1104;785;319;2145;1387;758;0,5765;0,617;0,7135;0,6389;0,5783;0,7111;0,6466
2021-02-13;994;557;47;28;1068;762;36;23;437;19;306;13;1041;585;456;1104;785;319;2145;1370;775;0,5604;0,5957;0,7135;0,6389;0,562;0,7111;0,6387
2021-02-14;994;550;47;26;1068;766;36;23;444;21;302;13;1041;576;465;1104;789;315;2145;1365;780;0,5533;0,5532;0,7172;0,6389;0,5533;0,7147;0,6364
2021-02-15;994;574;47;30;1068;783;36;22;420;17;285;14;1041;604;437;1104;805;299;2145;1409;736;0,5775;0,6383;0,7331;0,6111;0,5802;0,7292;0,6569
2021-02-16;994;582;47;31;1068;791;36;19;412;16;277;17;1041;613;428;1104;810;294;2145;1423;722;0,5855;0,6596;0,7406;0,5278;0,5889;0,7337;0,6634
2021-02-17;994;604;47;32;1078;816;36;21;390;15;262;15;1041;636;405;1114;837;277;2155;1473;682;0,6076;0,6809;0,757;0,5833;0,611;0,7513;0,6835
2021-02-18;984;605;47;32;1078;822;36;24;379;15;256;12;1031;637;394;1114;846;268;2145;1483;662;0,6148;0,6809;0,7625;0,6667;0,6178;0,7594;0,6914
2021-02-19;984;599;47;31;1078;843;36;24;385;16;235;12;1031;630;401;1114;867;247;2145;1497;648;0,6087;0,6596;0,782;0,6667;0,6111;0,7783;0,6979
2021-02-20;984;602;47;33;1078;843;36;25;382;14;235;11;1031;635;396;1114;868;246;2145;1503;642;0,6118;0,7021;0,782;0,6944;0,6159;0,7792;0,7007
2021-02-21;990;614;47;32;1103;865;36;25;376;15;238;11;1037;646;391;1139;890;249;2176;1536;640;0,6202;0,6809;0,7842;0,6944;0,623;0,7814;0,7059
2021-02-22;1006;581;47;30;1113;893;36;19;425;17;220;17;1053;611;442;1149;912;237;2202;1523;679;0,5775;0,6383;0,8023;0,5278;0,5802;0,7937;0,6916
2021-02-23;1012;587;51;34;1113;893;36;22;425;17;220;14;1063;621;442;1149;915;234;2212;1536;676;0,58;0,6667;0,8023;0,6111;0,5842;0,7963;0,6944
2021-02-24;1028;600;51;36;1113;908;36;22;428;15;205;14;1079;636;443;1149;930;219;2228;1566;662;0,5837;0,7059;0,8158;0,6111;0,5894;0,8094;0,7029
2021-02-25;1028;609;51;37;1113;922;36;23;419;14;191;13;1079;646;433;1149;945;204;2228;1591;637;0,5924;0,7255;0,8284;0,6389;0,5987;0,8225;0,7141
2021-02-26;1023;621;51;34;1118;916;36;27;402;17;202;9;1074;655;419;1154;943;211;2228;1598;630;0,607;0,6667;0,8193;0,75;0,6099;0,8172;0,7172
2021-02-27;1028;622;51;35;1125;909;36;24;406;16;216;12;1079;657;422;1161;933;228;2240;1590;650;0,6051;0,6863;0,808;0,6667;0,6089;0,8036;0,7098
2021-02-28;1028;643;51;40;1135;957;36;26;385;11;178;10;1079;683;396;1171;983;188;2250;1666;584;0,6255;0,7843;0,8432;0,7222;0,633;0,8395;0,7404
2021-03-01;1028;657;51;38;1135;941;36;24;371;13;194;12;1079;695;384;1171;965;206;2250;1660;590;0,6391;0,7451;0,8291;0,6667;0,6441;0,8241;0,7378
2021-03-02;1022;664;51;42;1145;934;36;24;358;9;211;12;1073;706;367;1181;958;223;2254;1664;590;0,6497;0,8235;0,8157;0,6667;0,658;0,8112;0,7382
2021-03-03;1022;666;51;41;1145;961;36;23;356;10;184;13;1073;707;366;1181;984;197;2254;1691;563;0,6517;0,8039;0,8393;0,6389;0,6589;0,8332;0,7502
2021-03-04;1043;669;51;42;1145;960;36;26;374;9;185;10;1094;711;383;1181;986;195;2275;1697;578;0,6414;0,8235;0,8384;0,7222;0,6499;0,8349;0,7459
2021-03-05;1063;680;51;32;1145;991;36;22;383;19;154;14;1114;712;402;1181;1013;168;2295;1725;570;0,6397;0,6275;0,8655;0,6111;0,6391;0,8577;0,7516
2021-03-06;1103;678;51;34;1165;996;36;24;425;17;169;12;1154;712;442;1201;1020;181;2355;1732;623;0,6147;0,6667;0,8549;0,6667;0,617;0,8493;0,7355
2021-03-07;1113;711;51;39;1175;1015;36;25;402;12;160;11;1164;750;414;1211;1040;171;2375;1790;585;0,6388;0,7647;0,8638;0,6944;0,6443;0,8588;0,7537
2021-03-08;1113;754;51;37;1175;1015;36;26;359;14;160;10;1164;791;373;1211;1041;170;2375;1832;543;0,6774;0,7255;0,8638;0,7222;0,6796;0,8596;0,7714
2021-03-09;1113;760;51;32;1175;1026;36;25;353;19;149;11;1164;792;372;1211;1051;160;2375;1843;532;0,6828;0,6275;0,8732;0,6944;0,6804;0,8679;0,776
2021-03-10;1113;777;51;32;1175;1037;36;25;336;19;138;11;1164;809;355;1211;1062;149;2375;1871;504;0,6981;0,6275;0,8826;0,6944;0,695;0,877;0,7878
2021-03-11;1199;829;51;32;1221;1080;36;23;370;19;141;13;1250;861;389;1257;1103;154;2507;1964;543;0,6914;0,6275;0,8845;0,6389;0,6888;0,8775;0,7834
2021-03-12;1244;805;51;35;1231;1075;36;27;439;16;156;9;1295;840;455;1267;1102;165;2562;1942;620;0,6471;0,6863;0,8733;0,75;0,6486;0,8698;0,758
2021-03-13;1284;854;51;37;1235;1085;36;26;430;14;150;10;1335;891;444;1271;1111;160;2606;2002;604;0,6651;0,7255;0,8785;0,7222;0,6674;0,8741;0,7682
2021-03-14;1320;903;51;32;1245;1111;36;26;417;19;134;10;1371;935;436;1281;1137;144;2652;2072;580;0,6841;0,6275;0,8924;0,7222;0,682;0,8876;0,7813
2021-03-15;1338;879;51;32;1296;1113;36;25;459;19;183;11;1389;911;478;1332;1138;194;2721;2049;672;0,657;0,6275;0,8588;0,6944;0,6559;0,8544;0,753
2021-03-16;1374;923;67;31;1296;1120;36;23;451;36;176;13;1441;954;487;1332;1143;189;2773;2097;676;0,6718;0,4627;0,8642;0,6389;0,662;0,8581;0,7562
2021-03-17;1394;905;67;40;1316;1134;36;23;489;27;182;13;1461;945;516;1352;1157;195;2813;2102;711;0,6492;0,597;0,8617;0,6389;0,6468;0,8558;0,7472
2021-03-18;1422;953;67;46;1336;1161;36;21;469;21;175;15;1489;999;490;1372;1182;190;2861;2181;680;0,6702;0,6866;0,869;0,5833;0,6709;0,8615;0,7623
2021-03-19;1422;949;67;39;1336;1140;36;24;473;28;196;12;1489;988;501;1372;1164;208;2861;2152;709;0,6674;0,5821;0,8533;0,6667;0,6635;0,8484;0,7522
2021-03-20;1438;976;67;41;1360;1162;36;25;462;26;198;11;1505;1017;488;1396;1187;209;2901;2204;697;0,6787;0,6119;0,8544;0,6944;0,6757;0,8503;0,7597
2021-03-21;1438;971;67;41;1360;1174;36;25;467;26;186;11;1505;1012;493;1396;1199;197;2901;2211;690;0,6752;0,6119;0,8632;0,6944;0,6724;0,8589;0,7622
2021-03-22;1468;997;67;48;1390;1203;36;22;471;19;187;14;1535;1045;490;1426;1225;201;2961;2270;691;0,6792;0,7164;0,8655;0,6111;0,6808;0,859;0,7666
2021-03-23;1467;996;67;43;1422;1204;36;21;471;24;218;15;1534;1039;495;1458;1225;233;2992;2264;728;0,6789;0,6418;0,8467;0,5833;0,6773;0,8402;0,7567
2021-03-24;1460;1020;67;42;1422;1224;36;22;440;25;198;14;1527;1062;465;1458;1246;212;2985;2308;677;0,6986;0,6269;0,8608;0,6111;0,6955;0,8546;0,7732
2021-03-25;1465;993;67;32;1422;1242;36;21;472;35;180;15;1532;1025;507;1458;1263;195;2990;2288;702;0,6778;0,4776;0,8734;0,5833;0,6691;0,8663;0,7652
2021-03-26;1505;1019;67;28;1423;1228;36;21;486;39;195;15;1572;1047;525;1459;1249;210;3031;2296;735;0,6771;0,4179;0,863;0,5833;0,666;0,8561;0,7575
2021-03-27;1505;990;67;32;1443;1222;36;20;515;35;221;16;1572;1022;550;1479;1242;237;3051;2264;787;0,6578;0,4776;0,8468;0,5556;0,6501;0,8398;0,7421
2021-03-28;1515;1005;67;39;1443;1254;36;24;510;28;189;12;1582;1044;538;1479;1278;201;3061;2322;739;0,6634;0,5821;0,869;0,6667;0,6599;0,8641;0,7586
2021-03-29;1565;982;67;38;1463;1218;36;22;583;29;245;14;1632;1020;612;1499;1240;259;3131;2260;871;0,6275;0,5672;0,8325;0,6111;0,625;0,8272;0,7218
2021-03-30;1555;1040;67;49;1473;1240;36;19;515;18;233;17;1622;1089;533;1509;1259;250;3131;2348;783;0,6688;0,7313;0,8418;0,5278;0,6714;0,8343;0,7499
2021-03-31;1615;1046;67;46;1483;1261;36;19;569;21;222;17;1682;1092;590;1519;1280;239;3201;2372;829;0,6477;0,6866;0,8503;0,5278;0,6492;0,8427;0,741
2021-04-01;1615;1059;67;43;1483;1237;36;16;556;24;246;20;1682;1102;580;1519;1253;266;3201;2355;846;0,6557;0,6418;0,8341;0,4444;0,6552;0,8249;0,7357
2021-04-02;1592;1096;67;41;1463;1218;36;16;496;26;245;20;1659;1137;522;1499;1234;265;3158;2371;787;0,6884;0,6119;0,8325;0,4444;0,6854;0,8232;0,7508
2021-04-03;1642;1057;67;41;1488;1246;36;14;585;26;242;22;1709;1098;611;1524;1260;264;3233;2358;875;0,6437;0,6119;0,8374;0,3889;0,6425;0,8268;0,7294
2021-04-04;1642;1018;67;33;1488;1236;36;14;624;34;252;22;1709;1051;658;1524;1250;274;3233;2301;932;0,62;0,4925;0,8306;0,3889;0,615;0,8202;0,7117
2021-04-05;1647;1036;67;37;1503;1273;36;18;611;30;230;18;1714;1073;641;1539;1291;248;3253;2364;889;0,629;0,5522;0,847;0,5;0,626;0,8389;0,7267
2021-04-06;1715;1064;67;39;1503;1248;36;18;651;28;255;18;1782;1103;679;1539;1266;273;3321;2369;952;0,6204;0,5821;0,8303;0,5;0,619;0,8226;0,7133
2021-04-07;1718;1077;67;42;1503;1252;36;15;641;25;251;21;1785;1119;666;1539;1267;272;3324;2386;938;0,6269;0,6269;0,833;0,4167;0,6269;0,8233;0,7178
2021-04-08;1738;1115;67;36;1513;1257;36;18;623;31;256;18;1805;1151;654;1549;1275;274;3354;2426;928;0,6415;0,5373;0,8308;0,5;0,6377;0,8231;0,7233
2021-04-09;1749;1087;67;35;1533;1245;36;17;662;32;288;19;1816;1122;694;1569;1262;307;3385;2384;1001;0,6215;0,5224;0,8121;0,4722;0,6178;0,8043;0,7043
2021-04-10;1752;1112;67;41;1533;1251;36;19;640;26;282;17;1819;1153;666;1569;1270;299;3388;2423;965;0,6347;0,6119;0,816;0,5278;0,6339;0,8094;0,7152
2021-04-11;1752;1084;67;41;1533;1267;36;20;668;26;266;16;1819;1125;694;1569;1287;282;3388;2412;976;0,6187;0,6119;0,8265;0,5556;0,6185;0,8203;0,7119
2021-04-12;1752;1075;67;39;1533;1294;36;22;677;28;239;14;1819;1114;705;1569;1316;253;3388;2430;958;0,6136;0,5821;0,8441;0,6111;0,6124;0,8388;0,7172
2021-04-13;1762;1059;67;41;1538;1269;36;22;703;26;269;14;1829;1100;729;1574;1291;283;3403;2391;1012;0,601;0,6119;0,8251;0,6111;0,6014;0,8202;0,7026
2021-04-14;1762;1112;67;43;1538;1261;36;21;650;24;277;15;1829;1155;674;1574;1282;292;3403;2437;966;0,6311;0,6418;0,8199;0,5833;0,6315;0,8145;0,7161
2021-04-15;1767;1115;67;40;1538;1270;36;22;652;27;268;14;1834;1155;679;1574;1292;282;3408;2447;961;0,631;0,597;0,8257;0,6111;0,6298;0,8208;0,718
2021-04-16;1767;1106;67;41;1538;1228;36;21;661;26;310;15;1834;1147;687;1574;1249;325;3408;2396;1012;0,6259;0,6119;0,7984;0,5833;0,6254;0,7935;0,7031
2021-04-17;1767;1098;67;37;1538;1233;36;21;669;30;305;15;1834;1135;699;1574;1254;320;3408;2389;1019;0,6214;0,5522;0,8017;0,5833;0,6189;0,7967;0,701
2021-04-18;1752;1117;67;44;1528;1274;36;21;635;23;254;15;1819;1161;658;1564;1295;269;3383;2456;927;0,6376;0,6567;0,8338;0,5833;0,6383;0,828;0,726
2021-04-19;1767;1095;67;46;1538;1264;36;21;672;21;274;15;1834;1141;693;1574;1285;289;3408;2426;982;0,6197;0,6866;0,8218;0,5833;0,6221;0,8164;0,7119
2021-04-20;1778;1072;67;38;1568;1245;36;21;706;29;323;15;1845;1110;735;1604;1266;338;3449;2376;1073;0,6029;0,5672;0,794;0,5833;0,6016;0,7893;0,6889
2021-04-21;1778;1094;67;42;1568;1257;36;20;684;25;311;16;1845;1136;709;1604;1277;327;3449;2413;1036;0,6153;0,6269;0,8017;0,5556;0,6157;0,7961;0,6996
2021-04-22;1778;1113;67;36;1568;1255;36;23;665;31;313;13;1845;1149;696;1604;1278;326;3449;2427;1022;0,626;0,5373;0,8004;0,6389;0,6228;0,7968;0,7037
2021-04-23;1778;1099;67;37;1578;1254;36;21;679;30;324;15;1845;1136;709;1614;1275;339;3459;2411;1048;0,6181;0,5522;0,7947;0,5833;0,6157;0,79;0,697
2021-04-24;1778;1112;67;33;1578;1294;36;24;666;34;284;12;1845;1145;700;1614;1318;296;3459;2463;996;0,6254;0,4925;0,82;0,6667;0,6206;0,8166;0,7121
2021-04-25;1778;1072;67;35;1578;1282;36;24;706;32;296;12;1845;1107;738;1614;1306;308;3459;2413;1046;0,6029;0,5224;0,8124;0,6667;0,6;0,8092;0,6976
2021-04-26;1778;1036;67;39;1578;1294;36;19;742;28;284;17;1845;1075;770;1614;1313;301;3459;2388;1071;0,5827;0,5821;0,82;0,5278;0,5827;0,8135;0,6904
2021-04-27;1778;1076;67;37;1578;1293;36;22;702;30;285;14;1845;1113;732;1614;1315;299;3459;2428;1031;0,6052;0,5522;0,8194;0,6111;0,6033;0,8147;0,7019
2021-04-28;1778;1055;67;40;1578;1296;36;22;723;27;282;14;1845;1095;750;1614;1318;296;3459;2413;1046;0,5934;0,597;0,8213;0,6111;0,5935;0,8166;0,6976
2021-04-29;1778;1067;67;41;1578;1273;36;21;711;26;305;15;1845;1108;737;1614;1294;320;3459;2402;1057;0,6001;0,6119;0,8067;0,5833;0,6005;0,8017;0,6944
2021-04-30;1778;1111;67;36;1578;1239;36;21;667;31;339;15;1845;1147;698;1614;1260;354;3459;2407;1052;0,6249;0,5373;0,7852;0,5833;0,6217;0,7807;0,6959
2021-05-01;1758;1126;67;35;1578;1229;36;21;632;32;349;15;1825;1161;664;1614;1250;364;3439;2411;1028;0,6405;0,5224;0,7788;0,5833;0,6362;0,7745;0,7011
2021-05-02;1758;1122;67;39;1578;1240;36;22;636;28;338;14;1825;1161;664;1614;1262;352;3439;2423;1016;0,6382;0,5821;0,7858;0,6111;0,6362;0,7819;0,7046
2021-05-03;1758;1115;67;39;1578;1261;36;22;643;28;317;14;1825;1154;671;1614;1283;331;3439;2437;1002;0,6342;0,5821;0,7991;0,6111;0,6323;0,7949;0,7086
2021-05-04;1758;1099;67;41;1588;1255;36;24;659;26;333;12;1825;1140;685;1624;1279;345;3449;2419;1030;0,6251;0,6119;0,7903;0,6667;0,6247;0,7876;0,7014
2021-05-05;1758;1089;67;37;1588;1278;36;24;669;30;310;12;1825;1126;699;1624;1302;322;3449;2428;1021;0,6195;0,5522;0,8048;0,6667;0,617;0,8017;0,704
2021-05-06;1758;1062;67;38;1588;1271;36;27;696;29;317;9;1825;1100;725;1624;1298;326;3449;2398;1051;0,6041;0,5672;0,8004;0,75;0,6027;0,7993;0,6953
2021-05-07;1772;1062;67;40;1588;1253;36;26;710;27;335;10;1839;1102;737;1624;1279;345;3463;2381;1082;0,5993;0,597;0,789;0,7222;0,5992;0,7876;0,6876
2021-05-08;1772;1126;67;40;1588;1243;36;24;646;27;345;12;1839;1166;673;1624;1267;357;3463;2433;1030;0,6354;0,597;0,7827;0,6667;0,634;0,7802;0,7026
2021-05-09;1772;1114;67;39;1588;1249;36;21;658;28;339;15;1839;1153;686;1624;1270;354;3463;2423;1040;0,6287;0,5821;0,7865;0,5833;0,627;0,782;0,6997
2021-05-10;1772;1109;67;38;1588;1263;36;20;663;29;325;16;1839;1147;692;1624;1283;341;3463;2430;1033;0,6258;0,5672;0,7953;0,5556;0,6237;0,79;0,7017
2021-05-11;1772;1094;67;39;1588;1273;36;21;678;28;315;15;1839;1133;706;1624;1294;330;3463;2427;1036;0,6174;0,5821;0,8016;0,5833;0,6161;0,7968;0,7008
2021-05-12;1772;1101;67;41;1588;1251;36;22;671;26;337;14;1839;1142;697;1624;1273;351;3463;2415;1048;0,6213;0,6119;0,7878;0,6111;0,621;0,7839;0,6974
2021-05-13;1772;1099;67;43;1588;1269;36;23;673;24;319;13;1839;1142;697;1624;1292;332;3463;2434;1029;0,6202;0,6418;0,7991;0,6389;0,621;0,7956;0,7029
2021-05-14;1772;1122;67;44;1588;1272;36;23;650;23;316;13;1839;1166;673;1624;1295;329;3463;2461;1002;0,6332;0,6567;0,801;0,6389;0,634;0,7974;0,7107
2021-05-15;1772;1126;67;42;1588;1268;36;26;646;25;320;10;1839;1168;671;1624;1294;330;3463;2462;1001;0,6354;0,6269;0,7985;0,7222;0,6351;0,7968;0,7109
2021-05-16;1772;1203;67;42;1588;1304;36;24;569;25;284;12;1839;1245;594;1624;1328;296;3463;2573;890;0,6789;0,6269;0,8212;0,6667;0,677;0,8177;0,743
2021-05-17;1772;1176;67;44;1588;1328;36;23;596;23;260;13;1839;1220;619;1624;1351;273;3463;2571;892;0,6637;0,6567;0,8363;0,6389;0,6634;0,8319;0,7424
2021-05-18;1752;1186;67;48;1588;1345;36;24;566;19;243;12;1819;1234;585;1624;1369;255;3443;2603;840;0,6769;0,7164;0,847;0,6667;0,6784;0,843;0,756
2021-05-19;1752;1193;67;51;1588;1355;36;23;559;16;233;13;1819;1244;575;1624;1378;246;3443;2622;821;0,6809;0,7612;0,8533;0,6389;0,6839;0,8485;0,7615
2021-05-20;1752;1224;67;52;1598;1329;36;24;528;15;269;12;1819;1276;543;1634;1353;281;3453;2629;824;0,6986;0,7761;0,8317;0,6667;0,7015;0,828;0,7614
2021-05-21;1752;1218;67;48;1598;1323;36;23;534;19;275;13;1819;1266;553;1634;1346;288;3453;2612;841;0,6952;0,7164;0,8279;0,6389;0,696;0,8237;0,7564
2021-05-22;1742;1287;67;49;1598;1348;36;25;455;18;250;11;1809;1336;473;1634;1373;261;3443;2709;734;0,7388;0,7313;0,8436;0,6944;0,7385;0,8403;0,7868
2021-05-23;1742;1283;67;48;1598;1336;36;28;459;19;262;8;1809;1331;478;1634;1364;270;3443;2695;748;0,7365;0,7164;0,836;0,7778;0,7358;0,8348;0,7827
2021-05-24;1742;1211;67;46;1598;1327;36;28;531;21;271;8;1809;1257;552;1634;1355;279;3443;2612;831;0,6952;0,6866;0,8304;0,7778;0,6949;0,8293;0,7586
2021-05-25;1742;1200;67;48;1598;1322;36;25;542;19;276;11;1809;1248;561;1634;1347;287;3443;2595;848;0,6889;0,7164;0,8273;0,6944;0,6899;0,8244;0,7537
2021-05-26;1742;1253;67;50;1598;1337;36;25;489;17;261;11;1809;1303;506;1634;1362;272;3443;2665;778;0,7193;0,7463;0,8367;0,6944;0,7203;0,8335;0,774
2021-05-27;1752;1288;67;48;1598;1320;36;28;464;19;278;8;1819;1336;483;1634;1348;286;3453;2684;769;0,7352;0,7164;0,826;0,7778;0,7345;0,825;0,7773
2021-05-28;1752;1268;67;44;1598;1339;36;26;484;23;259;10;1819;1312;507;1634;1365;269;3453;2677;776;0,7237;0,6567;0,8379;0,7222;0,7213;0,8354;0,7753
2021-05-29;1752;1278;67;49;1598;1353;36;26;474;18;245;10;1819;1327;492;1634;1379;255;3453;2706;747;0,7295;0,7313;0,8467;0,7222;0,7295;0,8439;0,7837
2021-05-30;1752;1253;67;46;1598;1359;36;28;499;21;239;8;1819;1299;520;1634;1387;247;3453;2686;767;0,7152;0,6866;0,8504;0,7778;0,7141;0,8488;0,7779
2021-05-31;1752;1238;67;41;1598;1357;36;27;514;26;241;9;1819;1279;540;1634;1384;250;3453;2663;790;0,7066;0,6119;0,8492;0,75;0,7031;0,847;0,7712
2021-06-01;1747;1255;67;45;1598;1339;36;26;492;22;259;10;1814;1300;514;1634;1365;269;3448;2665;783;0,7184;0,6716;0,8379;0,7222;0,7166;0,8354;0,7729
2021-06-02;1747;1277;67;57;1598;1351;36;26;470;10;247;10;1814;1334;480;1634;1377;257;3448;2711;737;0,731;0,8507;0,8454;0,7222;0,7354;0,8427;0,7863
2021-06-03;1747;1310;67;54;1598;1367;36;27;437;13;231;9;1814;1364;450;1634;1394;240;3448;2758;690;0,7499;0,806;0,8554;0,75;0,7519;0,8531;0,7999
2021-06-04;1747;1253;67;59;1598;1358;36;26;494;8;240;10;1814;1312;502;1634;1384;250;3448;2696;752;0,7172;0,8806;0,8498;0,7222;0,7233;0,847;0,7819
2021-06-05;1747;1260;67;58;1598;1344;36;28;487;9;254;8;1814;1318;496;1634;1372;262;3448;2690;758;0,7212;0,8657;0,8411;0,7778;0,7266;0,8397;0,7802
2021-06-06;1747;1211;67;53;1598;1352;36;28;536;14;246;8;1814;1264;550;1634;1380;254;3448;2644;804;0,6932;0,791;0,8461;0,7778;0,6968;0,8446;0,7668
2021-06-07;1747;1201;67;53;1598;1346;35;27;546;14;252;8;1814;1254;560;1633;1373;260;3447;2627;820;0,6875;0,791;0,8423;0,7714;0,6913;0,8408;0,7621
2021-06-08;1747;1196;67;58;1588;1342;35;26;551;9;246;9;1814;1254;560;1623;1368;255;3437;2622;815;0,6846;0,8657;0,8451;0,7429;0,6913;0,8429;0,7629
2021-06-09;1747;1203;67;53;1588;1339;35;25;544;14;249;10;1814;1256;558;1623;1364;259;3437;2620;817;0,6886;0,791;0,8432;0,7143;0,6924;0,8404;0,7623
2021-06-10;1747;1187;67;50;1588;1341;35;24;560;17;247;11;1814;1237;577;1623;1365;258;3437;2602;835;0,6795;0,7463;0,8445;0,6857;0,6819;0,841;0,7571
2021-06-11;1747;1156;67;45;1588;1348;35;25;591;22;240;10;1814;1201;613;1623;1373;250;3437;2574;863;0,6617;0,6716;0,8489;0,7143;0,6621;0,846;0,7489
2021-06-12;1747;1172;67;47;1588;1316;35;26;575;20;272;9;1814;1219;595;1623;1342;281;3437;2561;876;0,6709;0,7015;0,8287;0,7429;0,672;0,8269;0,7451
2021-06-13;1747;1201;67;46;1588;1325;35;19;546;21;263;16;1814;1247;567;1623;1344;279;3437;2591;846;0,6875;0,6866;0,8344;0,5429;0,6874;0,8281;0,7539
2021-06-14;1757;1166;67;49;1598;1327;35;21;591;18;271;14;1824;1215;609;1633;1348;285;3457;2563;894;0,6636;0,7313;0,8304;0,6;0,6661;0,8255;0,7414
2021-06-15;1757;1188;67;48;1598;1314;35;22;569;19;284;13;1824;1236;588;1633;1336;297;3457;2572;885;0,6762;0,7164;0,8223;0,6286;0,6776;0,8181;0,744
2021-06-16;1757;1195;67;49;1598;1336;35;22;562;18;262;13;1824;1244;580;1633;1358;275;3457;2602;855;0,6801;0,7313;0,836;0,6286;0,682;0,8316;0,7527
2021-06-17;1757;1128;67;46;1598;1327;35;23;629;21;271;12;1824;1174;650;1633;1350;283;3457;2524;933;0,642;0,6866;0,8304;0,6571;0,6436;0,8267;0,7301
2021-06-18;1757;1134;67;48;1598;1300;35;25;623;19;298;10;1824;1182;642;1633;1325;308;3457;2507;950;0,6454;0,7164;0,8135;0,7143;0,648;0,8114;0,7252
2021-06-19;1757;1147;67;44;1598;1305;35;23;610;23;293;12;1824;1191;633;1633;1328;305;3457;2519;938;0,6528;0,6567;0,8166;0,6571;0,653;0,8132;0,7287
2021-06-20;1757;1132;67;43;1608;1304;35;22;625;24;304;13;1824;1175;649;1643;1326;317;3467;2501;966;0,6443;0,6418;0,8109;0,6286;0,6442;0,8071;0,7214
2021-06-21;1757;1133;67;41;1608;1309;35;24;624;26;299;11;1824;1174;650;1643;1333;310;3467;2507;960;0,6448;0,6119;0,8141;0,6857;0,6436;0,8113;0,7231
2021-06-22;1757;1113;67;39;1608;1293;35;25;644;28;315;10;1824;1152;672;1643;1318;325;3467;2470;997;0,6335;0,5821;0,8041;0,7143;0,6316;0,8022;0,7124
2021-06-23;1757;1119;67;43;1608;1298;35;23;638;24;310;12;1824;1162;662;1643;1321;322;3467;2483;984;0,6369;0,6418;0,8072;0,6571;0,6371;0,804;0,7162
2021-06-24;1757;1077;67;37;1608;1283;35;22;680;30;325;13;1824;1114;710;1643;1305;338;3467;2419;1048;0,613;0,5522;0,7979;0,6286;0,6107;0,7943;0,6977
2021-06-25;1757;994;67;49;1608;1257;35;27;763;18;351;8;1824;1043;781;1643;1284;359;3467;2327;1140;0,5657;0,7313;0,7817;0,7714;0,5718;0,7815;0,6712
2021-06-26;1757;987;67;47;1608;1227;35;25;770;20;381;10;1824;1034;790;1643;1252;391;3467;2286;1181;0,5618;0,7015;0,7631;0,7143;0,5669;0,762;0,6594
2021-06-27;1757;1011;67;49;1608;1208;35;27;746;18;400;8;1824;1060;764;1643;1235;408;3467;2295;1172;0,5754;0,7313;0,7512;0,7714;0,5811;0,7517;0,662
2021-06-28;1757;949;67;51;1608;1209;35;24;808;16;399;11;1824;1000;824;1643;1233;410;3467;2233;1234;0,5401;0,7612;0,7519;0,6857;0,5482;0,7505;0,6441
2021-06-29;1757;904;67;41;1608;1193;35;24;853;26;415;11;1824;945;879;1643;1217;426;3467;2162;1305;0,5145;0,6119;0,7419;0,6857;0,5181;0,7407;0,6236
2021-06-30;1757;868;67;43;1608;1181;35;26;889;24;427;9;1824;911;913;1643;1207;436;3467;2118;1349;0,494;0,6418;0,7345;0,7429;0,4995;0,7346;0,6109
2021-07-01;1757;844;67;45;1608;1178;35;25;913;22;430;10;1824;889;935;1643;1203;440;3467;2092;1375;0,4804;0,6716;0,7326;0,7143;0,4874;0,7322;0,6034
2021-07-02;1757;845;67;43;1608;1168;35;23;912;24;440;12;1824;888;936;1643;1191;452;3467;2079;1388;0,4809;0,6418;0,7264;0,6571;0,4868;0,7249;0,5997
2021-07-03;1757;821;67;44;1608;1157;35;23;936;23;451;12;1824;865;959;1643;1180;463;3467;2045;1422;0,4673;0,6567;0,7195;0,6571;0,4742;0,7182;0,5898
2021-07-04;1757;832;67;45;1608;1131;35;23;925;22;477;12;1824;877;947;1643;1154;489;3467;2031;1436;0,4735;0,6716;0,7034;0,6571;0,4808;0,7024;0,5858
2021-07-05;1757;794;67;43;1608;1121;35;22;963;24;487;13;1824;837;987;1643;1143;500;3467;1980;1487;0,4519;0,6418;0,6971;0,6286;0,4589;0,6957;0,5711
2021-07-06;1757;830;67;47;1608;1104;35;24;927;20;504;11;1824;877;947;1643;1128;515;3467;2005;1462;0,4724;0,7015;0,6866;0,6857;0,4808;0,6865;0,5783
2021-07-07;1653;805;67;45;1588;1082;35;24;848;22;506;11;1720;850;870;1623;1106;517;3343;1956;1387;0,487;0,6716;0,6814;0,6857;0,4942;0,6815;0,5851
2021-07-08;1653;784;67;43;1588;1062;35;25;869;24;526;10;1720;827;893;1623;1087;536;3343;1914;1429;0,4743;0,6418;0,6688;0,7143;0,4808;0,6697;0,5725
2021-07-09;1653;800;67;44;1588;1054;35;23;853;23;534;12;1720;844;876;1623;1077;546;3343;1921;1422;0,484;0,6567;0,6637;0,6571;0,4907;0,6636;0,5746
2021-07-10;1653;776;67;44;1588;1034;35;27;877;23;554;8;1720;820;900;1623;1061;562;3343;1881;1462;0,4694;0,6567;0,6511;0,7714;0,4767;0,6537;0,5627
2021-07-11;1653;770;67;45;1588;1026;35;23;883;22;562;12;1720;815;905;1623;1049;574;3343;1864;1479;0,4658;0,6716;0,6461;0,6571;0,4738;0,6463;0,5576
2021-07-12;1653;766;67;44;1588;989;35;21;887;23;599;14;1720;810;910;1623;1010;613;3343;1820;1523;0,4634;0,6567;0,6228;0,6;0,4709;0,6223;0,5444
2021-07-13;1653;778;67;44;1588;984;35;21;875;23;604;14;1720;822;898;1623;1005;618;3343;1827;1516;0,4707;0,6567;0,6196;0,6;0,4779;0,6192;0,5465
2021-07-14;1633;753;67;47;1538;953;35;25;880;20;585;10;1700;800;900;1573;978;595;3273;1778;1495;0,4611;0,7015;0,6196;0,7143;0,4706;0,6217;0,5432
2021-07-15;1633;768;67;46;1538;903;35;25;865;21;635;10;1700;814;886;1573;928;645;3273;1742;1531;0,4703;0,6866;0,5871;0,7143;0,4788;0,59;0,5322
2021-07-16;1633;722;67;42;1538;884;35;24;911;25;654;11;1700;764;936;1573;908;665;3273;1672;1601;0,4421;0,6269;0,5748;0,6857;0,4494;0,5772;0,5108
2021-07-17;1653;705;67;46;1538;894;35;22;948;21;644;13;1720;751;969;1573;916;657;3293;1667;1626;0,4265;0,6866;0,5813;0,6286;0,4366;0,5823;0,5062
2021-07-18;1653;675;67;43;1538;897;35;21;978;24;641;14;1720;718;1002;1573;918;655;3293;1636;1657;0,4083;0,6418;0,5832;0,6;0,4174;0,5836;0,4968
2021-07-19;1639;648;67;49;1508;904;35;21;991;18;604;14;1706;697;1009;1543;925;618;3249;1622;1627;0,3954;0,7313;0,5995;0,6;0,4086;0,5995;0,4992
2021-07-20;1639;642;67;47;1508;867;35;22;997;20;641;13;1706;689;1017;1543;889;654;3249;1578;1671;0,3917;0,7015;0,5749;0,6286;0,4039;0,5762;0,4857
2021-07-21;1634;647;67;42;1478;842;35;24;987;25;636;11;1701;689;1012;1513;866;647;3214;1555;1659;0,396;0,6269;0,5697;0,6857;0,4051;0,5724;0,4838
2021-07-22;1634;637;67;35;1478;827;35;25;997;32;651;10;1701;672;1029;1513;852;661;3214;1524;1690;0,3898;0,5224;0,5595;0,7143;0,3951;0,5631;0,4742
2021-07-23;1634;620;67;45;1478;831;35;25;1014;22;647;10;1701;665;1036;1513;856;657;3214;1521;1693;0,3794;0,6716;0,5622;0,7143;0,3909;0,5658;0,4732
2021-07-24;1634;608;67;44;1478;847;35;24;1026;23;631;11;1701;652;1049;1513;871;642;3214;1523;1691;0,3721;0,6567;0,5731;0,6857;0,3833;0,5757;0,4739
2021-07-25;1634;538;67;42;1478;798;35;25;1096;25;680;10;1701;580;1121;1513;823;690;3214;1403;1811;0,3293;0,6269;0,5399;0,7143;0,341;0,544;0,4365
2021-07-26;1634;546;67;42;1478;787;35;24;1088;25;691;11;1701;588;1113;1513;811;702;3214;1399;1815;0,3341;0,6269;0,5325;0,6857;0,3457;0,536;0,4353
2021-07-27;1634;549;67;35;1478;774;35;24;1085;32;704;11;1701;584;1117;1513;798;715;3214;1382;1832;0,336;0,5224;0,5237;0,6857;0,3433;0,5274;0,43
2021-07-28;1579;543;67;38;1428;757;35;24;1036;29;671;11;1646;581;1065;1463;781;682;3109;1362;1747;0,3439;0,5672;0,5301;0,6857;0,353;0,5338;0,4381
2021-07-29;1579;525;67;36;1428;734;35;21;1054;31;694;14;1646;561;1085;1463;755;708;3109;1316;1793;0,3325;0,5373;0,514;0,6;0,3408;0,5161;0,4233
2021-07-30;1572;477;67;42;1388;714;35;22;1095;25;674;13;1639;519;1120;1423;736;687;3062;1255;1807;0,3034;0,6269;0,5144;0,6286;0,3167;0,5172;0,4099
2021-07-31;1572;457;67;36;1388;728;35;25;1115;31;660;10;1639;493;1146;1423;753;670;3062;1246;1816;0,2907;0,5373;0,5245;0,7143;0,3008;0,5292;0,4069
2021-08-01;1572;474;67;34;1388;724;35;25;1098;33;664;10;1639;508;1131;1423;749;674;3062;1257;1805;0,3015;0,5075;0,5216;0,7143;0,3099;0,5264;0,4105
2021-08-02;1572;469;67;41;1388;710;35;24;1103;26;678;11;1639;510;1129;1423;734;689;3062;1244;1818;0,2983;0,6119;0,5115;0,6857;0,3112;0,5158;0,4063
2021-08-03;1572;453;67;44;1388;688;35;22;1119;23;700;13;1639;497;1142;1423;710;713;3062;1207;1855;0,2882;0,6567;0,4957;0,6286;0,3032;0,4989;0,3942
2021-08-04;1490;361;67;39;1348;670;35;20;1129;28;678;15;1557;400;1157;1383;690;693;2940;1090;1850;0,2423;0,5821;0,497;0,5714;0,2569;0,4989;0,3707
2021-08-05;1490;342;67;39;1348;643;35;18;1148;28;705;17;1557;381;1176;1383;661;722;2940;1042;1898;0,2295;0,5821;0,477;0,5143;0,2447;0,4779;0,3544
2021-08-06;1470;333;67;36;1338;636;35;19;1137;31;702;16;1537;369;1168;1373;655;718;2910;1024;1886;0,2265;0,5373;0,4753;0,5429;0,2401;0,4771;0,3519
2021-08-07;1470;318;67;35;1338;637;35;17;1152;32;701;18;1537;353;1184;1373;654;719;2910;1007;1903;0,2163;0,5224;0,4761;0,4857;0,2297;0,4763;0,346
2021-08-08;1470;321;67;35;1338;619;35;17;1149;32;719;18;1537;356;1181;1373;636;737;2910;992;1918;0,2184;0,5224;0,4626;0,4857;0,2316;0,4632;0,3409
2021-08-09;1470;320;67;38;1338;578;35;20;1150;29;760;15;1537;358;1179;1373;598;775;2910;956;1954;0,2177;0,5672;0,432;0,5714;0,2329;0,4355;0,3285
2021-08-10;1470;328;67;39;1338;572;35;19;1142;28;766;16;1537;367;1170;1373;591;782;2910;958;1952;0,2231;0,5821;0,4275;0,5429;0,2388;0,4304;0,3292
2021-08-11;1314;317;67;41;1280;546;35;25;997;26;734;10;1381;358;1023;1315;571;744;2696;929;1767;0,2412;0,6119;0,4266;0,7143;0,2592;0,4342;0,3446
2021-08-12;1314;297;67;46;1280;535;35;23;1017;21;745;12;1381;343;1038;1315;558;757;2696;901;1795;0,226;0,6866;0,418;0,6571;0,2484;0,4243;0,3342
2021-08-13;1314;299;67;40;1260;532;35;20;1015;27;728;15;1381;339;1042;1295;552;743;2676;891;1785;0,2275;0,597;0,4222;0,5714;0,2455;0,4263;0,333
2021-08-14;1314;295;67;31;1260;521;35;23;1019;36;739;12;1381;326;1055;1295;544;751;2676;870;1806;0,2245;0,4627;0,4135;0,6571;0,2361;0,4201;0,3251
2021-08-15;1314;275;67;31;1260;528;35;23;1039;36;732;12;1381;306;1075;1295;551;744;2676;857;1819;0,2093;0,4627;0,419;0,6571;0,2216;0,4255;0,3203
2021-08-16;1314;307;67;35;1260;506;35;22;1007;32;754;13;1381;342;1039;1295;528;767;2676;870;1806;0,2336;0,5224;0,4016;0,6286;0,2476;0,4077;0,3251
2021-08-17;1314;267;67;35;1260;482;35;22;1047;32;778;13;1381;302;1079;1295;504;791;2676;806;1870;0,2032;0,5224;0,3825;0,6286;0,2187;0,3892;0,3012
2021-08-18;1314;268;67;32;1260;465;35;18;1046;35;795;17;1381;300;1081;1295;483;812;2676;783;1893;0,204;0,4776;0,369;0,5143;0,2172;0,373;0,2926
2021-08-19;1277;282;67;37;1155;454;35;27;995;30;701;8;1344;319;1025;1190;481;709;2534;800;1734;0,2208;0,5522;0,3931;0,7714;0,2374;0,4042;0,3157
2021-08-20;1277;293;67;39;1155;450;36;23;984;28;705;13;1344;332;1012;1191;473;718;2535;805;1730;0,2294;0,5821;0,3896;0,6389;0,247;0,3971;0,3176
2021-08-21;1277;297;67;39;1155;447;36;25;980;28;708;11;1344;336;1008;1191;472;719;2535;808;1727;0,2326;0,5821;0,387;0,6944;0,25;0,3963;0,3187
2021-08-22;1277;298;67;34;1155;439;36;22;979;33;716;14;1344;332;1012;1191;461;730;2535;793;1742;0,2334;0,5075;0,3801;0,6111;0,247;0,3871;0,3128
2021-08-23;1237;279;67;39;1097;399;36;25;958;28;698;11;1304;318;986;1133;424;709;2437;742;1695;0,2255;0,5821;0,3637;0,6944;0,2439;0,3742;0,3045
2021-08-24;1237;267;67;32;1097;391;36;23;970;35;706;13;1304;299;1005;1133;414;719;2437;713;1724;0,2158;0,4776;0,3564;0,6389;0,2293;0,3654;0,2926
2021-08-25;1212;255;67;35;1070;394;36;24;957;32;676;12;1279;290;989;1106;418;688;2385;708;1677;0,2104;0,5224;0,3682;0,6667;0,2267;0,3779;0,2969
2021-08-26;1212;249;67;37;1070;382;36;23;963;30;688;13;1279;286;993;1106;405;701;2385;691;1694;0,2054;0,5522;0,357;0,6389;0,2236;0,3662;0,2897
2021-08-27;1212;227;67;38;1070;378;36;23;985;29;692;13;1279;265;1014;1106;401;705;2385;666;1719;0,1873;0,5672;0,3533;0,6389;0,2072;0,3626;0,2792
2021-08-28;1212;219;67;28;1070;369;36;19;993;39;701;17;1279;247;1032;1106;388;718;2385;635;1750;0,1807;0,4179;0,3449;0,5278;0,1931;0,3508;0,2662
2021-08-29;1212;211;67;37;1070;371;36;25;1001;30;699;11;1279;248;1031;1106;396;710;2385;644;1741;0,1741;0,5522;0,3467;0,6944;0,1939;0,358;0,27
2021-08-30;1192;218;67;36;1060;345;36;23;974;31;715;13;1259;254;1005;1096;368;728;2355;622;1733;0,1829;0,5373;0,3255;0,6389;0,2017;0,3358;0,2641
2021-08-31;1192;207;67;34;1055;336;36;21;985;33;719;15;1259;241;1018;1091;357;734;2350;598;1752;0,1737;0,5075;0,3185;0,5833;0,1914;0,3272;0,2545
2021-09-01;1017;215;60;26;1000;317;29;15;802;34;683;14;1077;241;836;1029;332;697;2106;573;1533;0,2114;0,4333;0,317;0,5172;0,2238;0,3226;0,2721
2021-09-02;1017;195;60;28;1000;313;29;18;822;32;687;11;1077;223;854;1029;331;698;2106;554;1552;0,1917;0,4667;0,313;0,6207;0,2071;0,3217;0,2631
2021-09-03;967;211;60;30;1000;300;29;20;756;30;700;9;1027;241;786;1029;320;709;2056;561;1495;0,2182;0,5;0,3;0,6897;0,2347;0,311;0,2729
