"DATA";"NRS";"ENFERMARIA_ADULTO_TOTAL";"ENFERMARIA_ADULTO_OCUPADOS";"ENFERMARIA_PEDIATRICA_TOTAL";"ENFERMARIA_PEDIATRICA_OCUPADOS";"UTI_ADULTO_TOTAL";"UTI_ADULTO_OCUPADOS";"UTI_PEDIATRICA_TOTAL";"UTI_PEDIATRICA_OCUPADOS";"ENFERMARIA_ADULTO_VAGOS";"ENFERMARIA_PEDIATRICA_VAGOS";"UTI_ADULTO_VAGOS";"UTI_PEDIATRICA_VAGOS";"ENFERMARIA_GERAL_TOTAL";"ENFERMARIA_GERAL_OCUPADOS";"ENFERMARIA_GERAL_VAGOS";"UTI_GERAL_TOTAL";"UTI_GERAL_OCUPADOS";"UTI_GERAL_VAGOS";"LEITOS_TOTAL";"LEITOS_OCUPADOS";"LEITOS_VAGOS";"ENFERMARIA_ADULTO_TX_OCUPACAO";"ENFERMARIA_PEDIATRICA_TX_OCUPACAO";"UTI_ADULTO_TX_OCUPACAO";"UTI_PEDIATRICA_TX_OCUPACAO";"ENFERMARIA_GERAL_TX_OCUPACAO";"UTI_GERAL_TX_OCUPACAO";"LEITOS_TX_OCUPACAO"
2020-06-05;"CENTRO-LESTE";108;17;20;8;28;13;10;3;91;12;15;7;128;25;103;38;16;22;166;41;125;0,1574;0,4;0,4643;0,3;0,1953;0,4211;0,247
2020-06-05;"CENTRO-NORTE";55;5;0;0;5;3;0;0;50;0;2;0;55;5;50;5;3;2;60;8;52;0,0909;NA;0,6;NA;0,0909;0,6;0,1333
2020-06-05;"EXTREMO-SUL";20;9;0;0;17;14;0;0;11;0;3;0;20;9;11;17;14;3;37;23;14;0,45;NA;0,8235;NA;0,45;0,8235;0,6216
2020-06-05;"LESTE";576;416;27;10;552;419;27;9;160;17;133;18;603;426;177;579;428;151;1182;854;328;0,7222;0,3704;0,7591;0,3333;0,7065;0,7392;0,7225
2020-06-05;"NORDESTE";21;2;0;0;15;7;0;0;19;0;8;0;21;2;19;15;7;8;36;9;27;0,0952;NA;0,4667;NA;0,0952;0,4667;0,25
2020-06-05;"NORTE";79;15;4;0;20;10;0;0;64;4;10;0;83;15;68;20;10;10;103;25;78;0,1899;0;0,5;NA;0,1807;0,5;0,2427
2020-06-05;"OESTE";20;2;0;0;5;2;0;0;18;0;3;0;20;2;18;5;2;3;25;4;21;0,1;NA;0,4;NA;0,1;0,4;0,16
2020-06-05;"SUDOESTE";72;18;0;0;50;27;1;0;54;0;23;1;72;18;54;51;27;24;123;45;78;0,25;NA;0,54;0;0,25;0,5294;0,3659
2020-06-05;"SUL";129;42;10;2;65;57;3;1;87;8;8;2;139;44;95;68;58;10;207;102;105;0,3256;0,2;0,8769;0,3333;0,3165;0,8529;0,4928
2020-06-06;"CENTRO-LESTE";98;21;20;7;28;12;10;3;77;13;16;7;118;28;90;38;15;23;156;43;113;0,2143;0,35;0,4286;0,3;0,2373;0,3947;0,2756
2020-06-06;"CENTRO-NORTE";55;6;0;0;5;4;0;0;49;0;1;0;55;6;49;5;4;1;60;10;50;0,1091;NA;0,8;NA;0,1091;0,8;0,1667
2020-06-06;"EXTREMO-SUL";20;7;0;0;18;6;0;0;13;0;12;0;20;7;13;18;6;12;38;13;25;0,35;NA;0,3333;NA;0,35;0,3333;0,3421
2020-06-06;"LESTE";598;423;27;7;552;408;27;8;175;20;144;19;625;430;195;579;416;163;1204;846;358;0,7074;0,2593;0,7391;0,2963;0,688;0,7185;0,7027
2020-06-06;"NORDESTE";21;2;0;0;15;7;0;0;19;0;8;0;21;2;19;15;7;8;36;9;27;0,0952;NA;0,4667;NA;0,0952;0,4667;0,25
2020-06-06;"NORTE";79;14;4;0;20;12;0;0;65;4;8;0;83;14;69;20;12;8;103;26;77;0,1772;0;0,6;NA;0,1687;0,6;0,2524
2020-06-06;"OESTE";20;3;0;0;5;2;0;0;17;0;3;0;20;3;17;5;2;3;25;5;20;0,15;NA;0,4;NA;0,15;0,4;0,2
2020-06-06;"SUDOESTE";72;22;0;0;50;26;1;0;50;0;24;1;72;22;50;51;26;25;123;48;75;0,3056;NA;0,52;0;0,3056;0,5098;0,3902
2020-06-06;"SUL";136;51;10;1;66;49;3;0;85;9;17;3;146;52;94;69;49;20;215;101;114;0,375;0,1;0,7424;0;0,3562;0,7101;0,4698
2020-06-08;"CENTRO-LESTE";98;16;24;1;28;12;10;2;82;23;16;8;122;17;105;38;14;24;160;31;129;0,1633;0,0417;0,4286;0,2;0,1393;0,3684;0,1938
2020-06-08;"CENTRO-NORTE";55;3;0;0;10;5;0;0;52;0;5;0;55;3;52;10;5;5;65;8;57;0,0545;NA;0,5;NA;0,0545;0,5;0,1231
2020-06-08;"EXTREMO-SUL";20;7;0;0;17;14;0;0;13;0;3;0;20;7;13;17;14;3;37;21;16;0,35;NA;0,8235;NA;0,35;0,8235;0,5676
2020-06-08;"LESTE";598;411;27;12;562;421;27;8;187;15;141;19;625;423;202;589;429;160;1214;852;362;0,6873;0,4444;0,7491;0,2963;0,6768;0,7284;0,7018
2020-06-08;"NORDESTE";21;3;0;0;15;6;0;0;18;0;9;0;21;3;18;15;6;9;36;9;27;0,1429;NA;0,4;NA;0,1429;0,4;0,25
2020-06-08;"NORTE";79;12;4;0;20;15;0;0;67;4;5;0;83;12;71;20;15;5;103;27;76;0,1519;0;0,75;NA;0,1446;0,75;0,2621
2020-06-08;"OESTE";20;3;0;0;9;3;0;0;17;0;6;0;20;3;17;9;3;6;29;6;23;0,15;NA;0,3333;NA;0,15;0,3333;0,2069
2020-06-08;"SUDOESTE";72;16;0;0;50;25;1;0;56;0;25;1;72;16;56;51;25;26;123;41;82;0,2222;NA;0,5;0;0,2222;0,4902;0,3333
2020-06-08;"SUL";136;49;10;1;66;57;3;1;87;9;9;2;146;50;96;69;58;11;215;108;107;0,3603;0,1;0,8636;0,3333;0,3425;0,8406;0,5023
2020-06-10;"CENTRO-LESTE";112;27;20;1;48;11;10;4;85;19;37;6;132;28;104;58;15;43;190;43;147;0,2411;0,05;0,2292;0,4;0,2121;0,2586;0,2263
2020-06-10;"CENTRO-NORTE";55;5;0;0;7;6;0;0;50;0;1;0;55;5;50;7;6;1;62;11;51;0,0909;NA;0,8571;NA;0,0909;0,8571;0,1774
2020-06-10;"EXTREMO-SUL";20;9;0;0;19;18;0;0;11;0;1;0;20;9;11;19;18;1;39;27;12;0,45;NA;0,9474;NA;0,45;0,9474;0,6923
2020-06-10;"LESTE";588;445;27;13;558;436;27;8;143;14;122;19;615;458;157;585;444;141;1200;902;298;0,7568;0,4815;0,7814;0,2963;0,7447;0,759;0,7517
2020-06-10;"NORDESTE";21;2;0;0;15;9;0;0;19;0;6;0;21;2;19;15;9;6;36;11;25;0,0952;NA;0,6;NA;0,0952;0,6;0,3056
2020-06-10;"NORTE";79;13;2;0;20;18;0;0;66;2;2;0;81;13;68;20;18;2;101;31;70;0,1646;0;0,9;NA;0,1605;0,9;0,3069
2020-06-10;"OESTE";20;3;0;0;11;7;0;0;17;0;4;0;20;3;17;11;7;4;31;10;21;0,15;NA;0,6364;NA;0,15;0,6364;0,3226
2020-06-10;"SUDOESTE";72;13;0;0;50;23;1;0;59;0;27;1;72;13;59;51;23;28;123;36;87;0,1806;NA;0,46;0;0,1806;0,451;0,2927
2020-06-10;"SUL";131;53;10;1;74;65;3;0;78;9;9;3;141;54;87;77;65;12;218;119;99;0,4046;0,1;0,8784;0;0,383;0,8442;0,5459
2020-06-12;"CENTRO-LESTE";112;27;20;1;48;11;10;4;85;19;37;6;132;28;104;58;15;43;190;43;147;0,2411;0,05;0,2292;0,4;0,2121;0,2586;0,2263
2020-06-12;"CENTRO-NORTE";55;5;0;0;7;6;0;0;50;0;1;0;55;5;50;7;6;1;62;11;51;0,0909;NA;0,8571;NA;0,0909;0,8571;0,1774
2020-06-12;"EXTREMO-SUL";20;9;0;0;19;18;0;0;11;0;1;0;20;9;11;19;18;1;39;27;12;0,45;NA;0,9474;NA;0,45;0,9474;0,6923
2020-06-12;"LESTE";588;445;27;13;558;436;27;8;143;14;122;19;615;458;157;585;444;141;1200;902;298;0,7568;0,4815;0,7814;0,2963;0,7447;0,759;0,7517
2020-06-12;"NORDESTE";21;2;0;0;15;9;0;0;19;0;6;0;21;2;19;15;9;6;36;11;25;0,0952;NA;0,6;NA;0,0952;0,6;0,3056
2020-06-12;"NORTE";79;13;2;0;20;18;0;0;66;2;2;0;81;13;68;20;18;2;101;31;70;0,1646;0;0,9;NA;0,1605;0,9;0,3069
2020-06-12;"OESTE";20;3;0;0;11;7;0;0;17;0;4;0;20;3;17;11;7;4;31;10;21;0,15;NA;0,6364;NA;0,15;0,6364;0,3226
2020-06-12;"SUDOESTE";72;13;0;0;50;23;1;0;59;0;27;1;72;13;59;51;23;28;123;36;87;0,1806;NA;0,46;0;0,1806;0,451;0,2927
2020-06-12;"SUL";131;53;10;1;74;65;3;0;78;9;9;3;141;54;87;77;65;12;218;119;99;0,4046;0,1;0,8784;0;0,383;0,8442;0,5459
2020-06-15;"CENTRO-LESTE";108;22;20;0;38;17;10;3;86;20;21;7;128;22;106;48;20;28;176;42;134;0,2037;0;0,4474;0,3;0,1719;0,4167;0,2386
2020-06-15;"CENTRO-NORTE";55;2;0;0;5;4;0;0;53;0;1;0;55;2;53;5;4;1;60;6;54;0,0364;NA;0,8;NA;0,0364;0,8;0,1
2020-06-15;"EXTREMO-SUL";20;11;0;0;19;17;0;0;9;0;2;0;20;11;9;19;17;2;39;28;11;0,55;NA;0,8947;NA;0,55;0,8947;0,7179
2020-06-15;"LESTE";598;443;17;10;520;440;17;6;155;7;80;11;615;453;162;537;446;91;1152;899;253;0,7408;0,5882;0,8462;0,3529;0,7366;0,8305;0,7804
2020-06-15;"NORDESTE";21;2;0;0;15;9;0;0;19;0;6;0;21;2;19;15;9;6;36;11;25;0,0952;NA;0,6;NA;0,0952;0,6;0,3056
2020-06-15;"NORTE";59;16;0;0;20;18;0;0;43;0;2;0;59;16;43;20;18;2;79;34;45;0,2712;NA;0,9;NA;0,2712;0,9;0,4304
2020-06-15;"OESTE";20;6;0;0;9;6;0;0;14;0;3;0;20;6;14;9;6;3;29;12;17;0,3;NA;0,6667;NA;0,3;0,6667;0,4138
2020-06-15;"SUDOESTE";72;18;0;0;50;25;1;0;54;0;25;1;72;18;54;51;25;26;123;43;80;0,25;NA;0,5;0;0,25;0,4902;0,3496
2020-06-15;"SUL";149;60;10;1;85;57;3;0;89;9;28;3;159;61;98;88;57;31;247;118;129;0,4027;0,1;0,6706;0;0,3836;0,6477;0,4777
2020-06-16;"CENTRO-LESTE";108;25;20;2;38;14;10;2;83;18;24;8;128;27;101;48;16;32;176;43;133;0,2315;0,1;0,3684;0,2;0,2109;0,3333;0,2443
2020-06-16;"CENTRO-NORTE";55;4;0;0;5;4;0;0;51;0;1;0;55;4;51;5;4;1;60;8;52;0,0727;NA;0,8;NA;0,0727;0,8;0,1333
2020-06-16;"EXTREMO-SUL";20;9;0;0;19;16;0;0;11;0;3;0;20;9;11;19;16;3;39;25;14;0,45;NA;0,8421;NA;0,45;0,8421;0,641
2020-06-16;"LESTE";648;479;27;13;584;452;27;10;169;14;132;17;675;492;183;611;462;149;1286;954;332;0,7392;0,4815;0,774;0,3704;0,7289;0,7561;0,7418
2020-06-16;"NORDESTE";21;4;0;0;15;9;0;0;17;0;6;0;21;4;17;15;9;6;36;13;23;0,1905;NA;0,6;NA;0,1905;0,6;0,3611
2020-06-16;"NORTE";79;20;2;0;20;16;0;0;59;2;4;0;81;20;61;20;16;4;101;36;65;0,2532;0;0,8;NA;0,2469;0,8;0,3564
2020-06-16;"OESTE";20;6;0;0;9;6;0;0;14;0;3;0;20;6;14;9;6;3;29;12;17;0,3;NA;0,6667;NA;0,3;0,6667;0,4138
2020-06-16;"SUDOESTE";72;16;0;0;50;29;1;0;56;0;21;1;72;16;56;51;29;22;123;45;78;0,2222;NA;0,58;0;0,2222;0,5686;0,3659
2020-06-16;"SUL";154;61;10;1;85;64;3;0;93;9;21;3;164;62;102;88;64;24;252;126;126;0,3961;0,1;0,7529;0;0,378;0,7273;0,5
2020-06-17;"CENTRO-LESTE";108;37;20;4;38;17;10;0;71;16;21;10;128;41;87;48;17;31;176;58;118;0,3426;0,2;0,4474;0;0,3203;0,3542;0,3295
2020-06-17;"CENTRO-NORTE";55;2;0;0;5;4;0;0;53;0;1;0;55;2;53;5;4;1;60;6;54;0,0364;NA;0,8;NA;0,0364;0,8;0,1
2020-06-17;"EXTREMO-SUL";20;7;0;0;21;18;0;0;13;0;3;0;20;7;13;21;18;3;41;25;16;0,35;NA;0,8571;NA;0,35;0,8571;0,6098
2020-06-17;"LESTE";648;469;27;13;584;469;27;9;179;14;115;18;675;482;193;611;478;133;1286;960;326;0,7238;0,4815;0,8031;0,3333;0,7141;0,7823;0,7465
2020-06-17;"NORDESTE";21;6;0;0;15;9;0;0;15;0;6;0;21;6;15;15;9;6;36;15;21;0,2857;NA;0,6;NA;0,2857;0,6;0,4167
2020-06-17;"NORTE";79;16;2;0;20;16;0;0;63;2;4;0;81;16;65;20;16;4;101;32;69;0,2025;0;0,8;NA;0,1975;0,8;0,3168
2020-06-17;"OESTE";20;6;0;0;9;8;0;0;14;0;1;0;20;6;14;9;8;1;29;14;15;0,3;NA;0,8889;NA;0,3;0,8889;0,4828
2020-06-17;"SUDOESTE";72;20;0;0;50;30;1;1;52;0;20;0;72;20;52;51;31;20;123;51;72;0,2778;NA;0,6;1;0,2778;0,6078;0,4146
2020-06-17;"SUL";154;70;10;1;85;67;3;1;84;9;18;2;164;71;93;88;68;20;252;139;113;0,4545;0,1;0,7882;0,3333;0,4329;0,7727;0,5516
2020-06-18;"CENTRO-LESTE";108;34;20;0;38;19;10;0;74;20;19;10;128;34;94;48;19;29;176;53;123;0,3148;0;0,5;0;0,2656;0,3958;0,3011
2020-06-18;"CENTRO-NORTE";55;2;0;0;5;4;0;0;53;0;1;0;55;2;53;5;4;1;60;6;54;0,0364;NA;0,8;NA;0,0364;0,8;0,1
2020-06-18;"EXTREMO-SUL";20;8;0;0;21;18;0;0;12;0;3;0;20;8;12;21;18;3;41;26;15;0,4;NA;0,8571;NA;0,4;0,8571;0,6341
2020-06-18;"LESTE";653;453;27;12;584;470;27;10;200;15;114;17;680;465;215;611;480;131;1291;945;346;0,6937;0,4444;0,8048;0,3704;0,6838;0,7856;0,732
2020-06-18;"NORDESTE";21;6;0;0;15;8;0;0;15;0;7;0;21;6;15;15;8;7;36;14;22;0,2857;NA;0,5333;NA;0,2857;0,5333;0,3889
2020-06-18;"NORTE";79;17;2;0;20;18;0;0;62;2;2;0;81;17;64;20;18;2;101;35;66;0,2152;0;0,9;NA;0,2099;0,9;0,3465
2020-06-18;"OESTE";20;6;0;0;9;8;0;0;14;0;1;0;20;6;14;9;8;1;29;14;15;0,3;NA;0,8889;NA;0,3;0,8889;0,4828
2020-06-18;"SUDOESTE";72;23;0;0;50;29;1;1;49;0;21;0;72;23;49;51;30;21;123;53;70;0,3194;NA;0,58;1;0,3194;0,5882;0,4309
2020-06-18;"SUL";161;66;10;1;85;64;3;2;95;9;21;1;171;67;104;88;66;22;259;133;126;0,4099;0,1;0,7529;0,6667;0,3918;0,75;0,5135
2020-06-19;"CENTRO-LESTE";98;36;20;2;30;18;10;3;62;18;12;7;118;38;80;40;21;19;158;59;99;0,3673;0,1;0,6;0,3;0,322;0,525;0,3734
2020-06-19;"CENTRO-NORTE";55;6;0;0;5;4;0;0;49;0;1;0;55;6;49;5;4;1;60;10;50;0,1091;NA;0,8;NA;0,1091;0,8;0,1667
2020-06-19;"EXTREMO-SUL";20;7;0;0;23;22;0;0;13;0;1;0;20;7;13;23;22;1;43;29;14;0,35;NA;0,9565;NA;0,35;0,9565;0,6744
2020-06-19;"LESTE";653;469;27;12;594;481;27;10;184;15;113;17;680;481;199;621;491;130;1301;972;329;0,7182;0,4444;0,8098;0,3704;0,7074;0,7907;0,7471
2020-06-19;"NORDESTE";21;5;0;0;15;7;0;0;16;0;8;0;21;5;16;15;7;8;36;12;24;0,2381;NA;0,4667;NA;0,2381;0,4667;0,3333
2020-06-19;"NORTE";79;18;2;0;20;18;0;0;61;2;2;0;81;18;63;20;18;2;101;36;65;0,2278;0;0,9;NA;0,2222;0,9;0,3564
2020-06-19;"OESTE";20;5;0;0;9;6;0;0;15;0;3;0;20;5;15;9;6;3;29;11;18;0,25;NA;0,6667;NA;0,25;0,6667;0,3793
2020-06-19;"SUDOESTE";72;22;0;0;50;29;1;0;50;0;21;1;72;22;50;51;29;22;123;51;72;0,3056;NA;0,58;0;0,3056;0,5686;0,4146
2020-06-19;"SUL";161;64;10;0;85;67;3;3;97;10;18;0;171;64;107;88;70;18;259;134;125;0,3975;0;0,7882;1;0,3743;0,7955;0,5174
2020-06-22;"CENTRO-LESTE";133;28;20;3;40;22;10;4;105;17;18;6;153;31;122;50;26;24;203;57;146;0,2105;0,15;0,55;0,4;0,2026;0,52;0,2808
2020-06-22;"CENTRO-NORTE";55;12;0;0;5;3;0;0;43;0;2;0;55;12;43;5;3;2;60;15;45;0,2182;NA;0,6;NA;0,2182;0,6;0,25
2020-06-22;"EXTREMO-SUL";20;8;0;0;24;22;0;0;12;0;2;0;20;8;12;24;22;2;44;30;14;0,4;NA;0,9167;NA;0,4;0,9167;0,6818
2020-06-22;"LESTE";667;465;27;9;607;483;27;4;202;18;124;23;694;474;220;634;487;147;1328;961;367;0,6972;0,3333;0,7957;0,1481;0,683;0,7681;0,7236
2020-06-22;"NORDESTE";21;6;0;0;15;7;0;0;15;0;8;0;21;6;15;15;7;8;36;13;23;0,2857;NA;0,4667;NA;0,2857;0,4667;0,3611
2020-06-22;"NORTE";79;19;2;0;20;15;0;0;60;2;5;0;81;19;62;20;15;5;101;34;67;0,2405;0;0,75;NA;0,2346;0,75;0,3366
2020-06-22;"OESTE";20;4;0;0;9;7;0;0;16;0;2;0;20;4;16;9;7;2;29;11;18;0,2;NA;0,7778;NA;0,2;0,7778;0,3793
2020-06-22;"SUDOESTE";72;20;0;0;50;28;1;1;52;0;22;0;72;20;52;51;29;22;123;49;74;0,2778;NA;0,56;1;0,2778;0,5686;0,3984
2020-06-22;"SUL";161;65;10;1;85;69;3;0;96;9;16;3;171;66;105;88;69;19;259;135;124;0,4037;0,1;0,8118;0;0,386;0,7841;0,5212
2020-06-23;"CENTRO-LESTE";133;31;20;4;41;23;10;4;102;16;18;6;153;35;118;51;27;24;204;62;142;0,2331;0,2;0,561;0,4;0,2288;0,5294;0,3039
2020-06-23;"CENTRO-NORTE";55;12;0;0;5;3;0;0;43;0;2;0;55;12;43;5;3;2;60;15;45;0,2182;NA;0,6;NA;0,2182;0,6;0,25
2020-06-23;"EXTREMO-SUL";20;7;0;0;25;23;0;0;13;0;2;0;20;7;13;25;23;2;45;30;15;0,35;NA;0,92;NA;0,35;0,92;0,6667
2020-06-23;"LESTE";667;490;27;10;607;488;27;6;177;17;119;21;694;500;194;634;494;140;1328;994;334;0,7346;0,3704;0,804;0,2222;0,7205;0,7792;0,7485
2020-06-23;"NORDESTE";21;6;0;0;15;8;0;0;15;0;7;0;21;6;15;15;8;7;36;14;22;0,2857;NA;0,5333;NA;0,2857;0,5333;0,3889
2020-06-23;"NORTE";79;19;2;0;20;13;0;0;60;2;7;0;81;19;62;20;13;7;101;32;69;0,2405;0;0,65;NA;0,2346;0,65;0,3168
2020-06-23;"OESTE";20;5;0;0;9;9;0;0;15;0;0;0;20;5;15;9;9;0;29;14;15;0,25;NA;1;NA;0,25;1;0,4828
2020-06-23;"SUDOESTE";72;27;0;0;50;25;1;1;45;0;25;0;72;27;45;51;26;25;123;53;70;0,375;NA;0,5;1;0,375;0,5098;0,4309
2020-06-23;"SUL";161;68;10;2;85;68;3;0;93;8;17;3;171;70;101;88;68;20;259;138;121;0,4224;0,2;0,8;0;0,4094;0,7727;0,5328
2020-06-24;"CENTRO-LESTE";133;42;20;4;42;22;10;0;91;16;20;10;153;46;107;52;22;30;205;68;137;0,3158;0,2;0,5238;0;0,3007;0,4231;0,3317
2020-06-24;"CENTRO-NORTE";55;11;0;0;5;3;0;0;44;0;2;0;55;11;44;5;3;2;60;14;46;0,2;NA;0,6;NA;0,2;0,6;0,2333
2020-06-24;"EXTREMO-SUL";20;8;0;0;25;23;0;0;12;0;2;0;20;8;12;25;23;2;45;31;14;0,4;NA;0,92;NA;0,4;0,92;0,6889
2020-06-24;"LESTE";667;489;27;12;607;500;27;10;178;15;107;17;694;501;193;634;510;124;1328;1011;317;0,7331;0,4444;0,8237;0,3704;0,7219;0,8044;0,7613
2020-06-24;"NORDESTE";12;6;0;0;12;9;0;0;6;0;3;0;12;6;6;12;9;3;24;15;9;0,5;NA;0,75;NA;0,5;0,75;0,625
2020-06-24;"NORTE";79;20;2;0;20;12;0;0;59;2;8;0;81;20;61;20;12;8;101;32;69;0,2532;0;0,6;NA;0,2469;0,6;0,3168
2020-06-24;"OESTE";20;2;0;0;9;9;0;0;18;0;0;0;20;2;18;9;9;0;29;11;18;0,1;NA;1;NA;0,1;1;0,3793
2020-06-24;"SUDOESTE";72;26;0;0;50;28;1;1;46;0;22;0;72;26;46;51;29;22;123;55;68;0,3611;NA;0,56;1;0,3611;0,5686;0,4472
2020-06-24;"SUL";161;69;10;1;87;68;3;0;92;9;19;3;171;70;101;90;68;22;261;138;123;0,4286;0,1;0,7816;0;0,4094;0,7556;0,5287
2020-06-25;"CENTRO-LESTE";133;44;20;4;42;21;10;0;89;16;21;10;153;48;105;52;21;31;205;69;136;0,3308;0,2;0,5;0;0,3137;0,4038;0,3366
2020-06-25;"CENTRO-NORTE";55;7;0;0;5;3;0;0;48;0;2;0;55;7;48;5;3;2;60;10;50;0,1273;NA;0,6;NA;0,1273;0,6;0,1667
2020-06-25;"EXTREMO-SUL";20;6;0;0;25;24;0;0;14;0;1;0;20;6;14;25;24;1;45;30;15;0,3;NA;0,96;NA;0,3;0,96;0,6667
2020-06-25;"LESTE";667;499;27;12;607;492;27;11;168;15;115;16;694;511;183;634;503;131;1328;1014;314;0,7481;0,4444;0,8105;0,4074;0,7363;0,7934;0,7636
2020-06-25;"NORDESTE";12;4;0;0;12;9;0;0;8;0;3;0;12;4;8;12;9;3;24;13;11;0,3333;NA;0,75;NA;0,3333;0,75;0,5417
2020-06-25;"NORTE";79;20;2;0;20;14;0;0;59;2;6;0;81;20;61;20;14;6;101;34;67;0,2532;0;0,7;NA;0,2469;0,7;0,3366
2020-06-25;"OESTE";20;1;0;0;9;7;0;0;19;0;2;0;20;1;19;9;7;2;29;8;21;0,05;NA;0,7778;NA;0,05;0,7778;0,2759
2020-06-25;"SUDOESTE";74;21;0;0;50;35;0;0;53;0;15;0;74;21;53;50;35;15;124;56;68;0,2838;NA;0,7;NA;0,2838;0,7;0,4516
2020-06-25;"SUL";161;79;10;1;87;73;3;1;82;9;14;2;171;80;91;90;74;16;261;154;107;0,4907;0,1;0,8391;0,3333;0,4678;0,8222;0,59
2020-06-26;"CENTRO-LESTE";133;49;20;2;43;21;10;3;84;18;22;7;153;51;102;53;24;29;206;75;131;0,3684;0,1;0,4884;0,3;0,3333;0,4528;0,3641
2020-06-26;"CENTRO-NORTE";55;8;0;0;5;3;0;0;47;0;2;0;55;8;47;5;3;2;60;11;49;0,1455;NA;0,6;NA;0,1455;0,6;0,1833
2020-06-26;"EXTREMO-SUL";20;7;0;0;25;23;0;0;13;0;2;0;20;7;13;25;23;2;45;30;15;0,35;NA;0,92;NA;0,35;0,92;0,6667
2020-06-26;"LESTE";667;485;27;14;607;486;27;11;182;13;121;16;694;499;195;634;497;137;1328;996;332;0,7271;0,5185;0,8007;0,4074;0,719;0,7839;0,75
2020-06-26;"NORDESTE";12;4;0;0;12;5;0;0;8;0;7;0;12;4;8;12;5;7;24;9;15;0,3333;NA;0,4167;NA;0,3333;0,4167;0,375
2020-06-26;"NORTE";79;23;2;0;20;14;0;0;56;2;6;0;81;23;58;20;14;6;101;37;64;0,2911;0;0,7;NA;0,284;0,7;0,3663
2020-06-26;"OESTE";20;0;0;0;9;8;0;0;20;0;1;0;20;0;20;9;8;1;29;8;21;0;NA;0,8889;NA;0;0,8889;0,2759
2020-06-26;"SUDOESTE";74;20;0;0;50;35;1;1;54;0;15;0;74;20;54;51;36;15;125;56;69;0,2703;NA;0,7;1;0,2703;0,7059;0,448
2020-06-26;"SUL";161;70;10;1;89;77;3;1;91;9;12;2;171;71;100;92;78;14;263;149;114;0,4348;0,1;0,8652;0,3333;0,4152;0,8478;0,5665
2020-06-27;"CENTRO-LESTE";133;45;20;4;43;24;10;6;88;16;19;4;153;49;104;53;30;23;206;79;127;0,3383;0,2;0,5581;0,6;0,3203;0,566;0,3835
2020-06-27;"CENTRO-NORTE";55;8;0;0;5;3;0;0;47;0;2;0;55;8;47;5;3;2;60;11;49;0,1455;NA;0,6;NA;0,1455;0,6;0,1833
2020-06-27;"EXTREMO-SUL";20;10;0;0;25;23;0;0;10;0;2;0;20;10;10;25;23;2;45;33;12;0,5;NA;0,92;NA;0,5;0,92;0,7333
2020-06-27;"LESTE";745;515;27;12;607;504;27;12;230;15;103;15;772;527;245;634;516;118;1406;1043;363;0,6913;0,4444;0,8303;0,4444;0,6826;0,8139;0,7418
2020-06-27;"NORDESTE";12;4;0;0;12;8;0;0;8;0;4;0;12;4;8;12;8;4;24;12;12;0,3333;NA;0,6667;NA;0,3333;0,6667;0,5
2020-06-27;"NORTE";79;25;2;0;20;15;0;0;54;2;5;0;81;25;56;20;15;5;101;40;61;0,3165;0;0,75;NA;0,3086;0,75;0,396
2020-06-27;"OESTE";20;3;0;0;9;8;0;0;17;0;1;0;20;3;17;9;8;1;29;11;18;0,15;NA;0,8889;NA;0,15;0,8889;0,3793
2020-06-27;"SUDOESTE";74;24;0;0;50;30;1;1;50;0;20;0;74;24;50;51;31;20;125;55;70;0,3243;NA;0,6;1;0,3243;0,6078;0,44
2020-06-27;"SUL";161;58;10;1;89;82;3;0;103;9;7;3;171;59;112;92;82;10;263;141;122;0,3602;0,1;0,9213;0;0,345;0,8913;0,5361
2020-06-28;"CENTRO-LESTE";133;46;20;1;43;20;10;6;87;19;23;4;153;47;106;53;26;27;206;73;133;0,3459;0,05;0,4651;0,6;0,3072;0,4906;0,3544
2020-06-28;"CENTRO-NORTE";55;11;0;0;5;4;0;0;44;0;1;0;55;11;44;5;4;1;60;15;45;0,2;NA;0,8;NA;0,2;0,8;0,25
2020-06-28;"EXTREMO-SUL";20;5;0;0;25;24;0;0;15;0;1;0;20;5;15;25;24;1;45;29;16;0,25;NA;0,96;NA;0,25;0,96;0,6444
2020-06-28;"LESTE";745;502;27;13;607;510;27;9;243;14;97;18;772;515;257;634;519;115;1406;1034;372;0,6738;0,4815;0,8402;0,3333;0,6671;0,8186;0,7354
2020-06-28;"NORDESTE";12;4;0;0;12;7;0;0;8;0;5;0;12;4;8;12;7;5;24;11;13;0,3333;NA;0,5833;NA;0,3333;0,5833;0,4583
2020-06-28;"NORTE";79;21;2;0;20;16;0;0;58;2;4;0;81;21;60;20;16;4;101;37;64;0,2658;0;0,8;NA;0,2593;0,8;0,3663
2020-06-28;"OESTE";20;3;0;0;16;6;0;0;17;0;10;0;20;3;17;16;6;10;36;9;27;0,15;NA;0,375;NA;0,15;0,375;0,25
2020-06-28;"SUDOESTE";74;22;0;0;50;31;1;1;52;0;19;0;74;22;52;51;32;19;125;54;71;0,2973;NA;0,62;1;0,2973;0,6275;0,432
2020-06-28;"SUL";161;72;10;1;89;80;3;1;89;9;9;2;171;73;98;92;81;11;263;154;109;0,4472;0,1;0,8989;0,3333;0,4269;0,8804;0,5856
2020-06-29;"CENTRO-LESTE";133;36;20;0;43;23;10;3;97;20;20;7;153;36;117;53;26;27;206;62;144;0,2707;0;0,5349;0,3;0,2353;0,4906;0,301
2020-06-29;"CENTRO-NORTE";55;10;0;0;5;4;0;0;45;0;1;0;55;10;45;5;4;1;60;14;46;0,1818;NA;0,8;NA;0,1818;0,8;0,2333
2020-06-29;"EXTREMO-SUL";20;5;0;0;25;24;0;0;15;0;1;0;20;5;15;25;24;1;45;29;16;0,25;NA;0,96;NA;0,25;0,96;0,6444
2020-06-29;"LESTE";755;491;27;13;615;502;27;11;264;14;113;16;782;504;278;642;513;129;1424;1017;407;0,6503;0,4815;0,8163;0,4074;0,6445;0,7991;0,7142
2020-06-29;"NORDESTE";12;3;0;0;12;8;0;0;9;0;4;0;12;3;9;12;8;4;24;11;13;0,25;NA;0,6667;NA;0,25;0,6667;0,4583
2020-06-29;"NORTE";79;19;2;0;20;15;0;0;60;2;5;0;81;19;62;20;15;5;101;34;67;0,2405;0;0,75;NA;0,2346;0,75;0,3366
2020-06-29;"OESTE";20;6;0;0;16;7;0;0;14;0;9;0;20;6;14;16;7;9;36;13;23;0,3;NA;0,4375;NA;0,3;0,4375;0,3611
2020-06-29;"SUDOESTE";74;20;0;0;50;33;1;0;54;0;17;1;74;20;54;51;33;18;125;53;72;0,2703;NA;0,66;0;0,2703;0,6471;0,424
2020-06-29;"SUL";161;74;10;3;89;75;3;0;87;7;14;3;171;77;94;92;75;17;263;152;111;0,4596;0,3;0,8427;0;0,4503;0,8152;0,5779
2020-06-30;"CENTRO-LESTE";133;40;20;3;43;25;10;5;93;17;18;5;153;43;110;53;30;23;206;73;133;0,3008;0,15;0,5814;0,5;0,281;0,566;0,3544
2020-06-30;"CENTRO-NORTE";55;10;0;0;5;4;0;0;45;0;1;0;55;10;45;5;4;1;60;14;46;0,1818;NA;0,8;NA;0,1818;0,8;0,2333
2020-06-30;"EXTREMO-SUL";20;8;0;0;25;22;0;0;12;0;3;0;20;8;12;25;22;3;45;30;15;0,4;NA;0,88;NA;0,4;0,88;0,6667
2020-06-30;"LESTE";755;495;27;15;615;514;27;13;260;12;101;14;782;510;272;642;527;115;1424;1037;387;0,6556;0,5556;0,8358;0,4815;0,6522;0,8209;0,7282
2020-06-30;"NORDESTE";12;4;0;0;12;9;0;0;8;0;3;0;12;4;8;12;9;3;24;13;11;0,3333;NA;0,75;NA;0,3333;0,75;0,5417
2020-06-30;"NORTE";79;24;2;0;20;13;0;0;55;2;7;0;81;24;57;20;13;7;101;37;64;0,3038;0;0,65;NA;0,2963;0,65;0,3663
2020-06-30;"OESTE";20;6;0;0;16;8;0;0;14;0;8;0;20;6;14;16;8;8;36;14;22;0,3;NA;0,5;NA;0,3;0,5;0,3889
2020-06-30;"SUDOESTE";74;23;0;0;50;28;1;0;51;0;22;1;74;23;51;51;28;23;125;51;74;0,3108;NA;0,56;0;0,3108;0,549;0,408
2020-06-30;"SUL";161;73;10;3;89;77;3;0;88;7;12;3;171;76;95;92;77;15;263;153;110;0,4534;0,3;0,8652;0;0,4444;0,837;0,5817
2020-07-01;"CENTRO-LESTE";133;42;20;2;43;23;10;3;91;18;20;7;153;44;109;53;26;27;206;70;136;0,3158;0,1;0,5349;0,3;0,2876;0,4906;0,3398
2020-07-01;"CENTRO-NORTE";55;9;0;0;5;4;0;0;46;0;1;0;55;9;46;5;4;1;60;13;47;0,1636;NA;0,8;NA;0,1636;0,8;0,2167
2020-07-01;"EXTREMO-SUL";20;10;0;0;25;23;0;0;10;0;2;0;20;10;10;25;23;2;45;33;12;0,5;NA;0,92;NA;0,5;0,92;0,7333
2020-07-01;"LESTE";755;490;27;15;615;521;27;13;265;12;94;14;782;505;277;642;534;108;1424;1039;385;0,649;0,5556;0,8472;0,4815;0,6458;0,8318;0,7296
2020-07-01;"NORDESTE";12;6;0;0;12;6;0;0;6;0;6;0;12;6;6;12;6;6;24;12;12;0,5;NA;0,5;NA;0,5;0,5;0,5
2020-07-01;"NORTE";79;25;2;0;20;13;0;0;54;2;7;0;81;25;56;20;13;7;101;38;63;0,3165;0;0,65;NA;0,3086;0,65;0,3762
2020-07-01;"OESTE";20;4;0;0;16;8;0;0;16;0;8;0;20;4;16;16;8;8;36;12;24;0,2;NA;0,5;NA;0,2;0,5;0,3333
2020-07-01;"SUDOESTE";74;25;0;0;50;26;1;1;49;0;24;0;74;25;49;51;27;24;125;52;73;0,3378;NA;0,52;1;0,3378;0,5294;0,416
2020-07-01;"SUL";161;74;10;5;89;84;3;2;87;5;5;1;171;79;92;92;86;6;263;165;98;0,4596;0,5;0,9438;0,6667;0,462;0,9348;0,6274
2020-07-02;"CENTRO-LESTE";133;39;20;3;43;15;10;3;94;17;28;7;153;42;111;53;18;35;206;60;146;0,2932;0,15;0,3488;0,3;0,2745;0,3396;0,2913
2020-07-02;"CENTRO-NORTE";55;7;0;0;5;4;0;0;48;0;1;0;55;7;48;5;4;1;60;11;49;0,1273;NA;0,8;NA;0,1273;0,8;0,1833
2020-07-02;"EXTREMO-SUL";20;11;0;0;25;23;0;0;9;0;2;0;20;11;9;25;23;2;45;34;11;0,55;NA;0,92;NA;0,55;0,92;0,7556
2020-07-02;"LESTE";755;545;27;14;615;517;27;11;210;13;98;16;782;559;223;642;528;114;1424;1087;337;0,7219;0,5185;0,8407;0,4074;0,7148;0,8224;0,7633
2020-07-02;"NORDESTE";12;5;0;0;12;11;0;0;7;0;1;0;12;5;7;12;11;1;24;16;8;0,4167;NA;0,9167;NA;0,4167;0,9167;0,6667
2020-07-02;"NORTE";79;24;2;0;20;15;0;0;55;2;5;0;81;24;57;20;15;5;101;39;62;0,3038;0;0,75;NA;0,2963;0,75;0,3861
2020-07-02;"OESTE";20;7;0;0;16;9;0;0;13;0;7;0;20;7;13;16;9;7;36;16;20;0,35;NA;0,5625;NA;0,35;0,5625;0,4444
2020-07-02;"SUDOESTE";54;17;0;0;40;21;1;0;37;0;19;1;54;17;37;41;21;20;95;38;57;0,3148;NA;0,525;0;0,3148;0,5122;0,4
2020-07-02;"SUL";161;79;10;5;89;84;3;2;82;5;5;1;171;84;87;92;86;6;263;170;93;0,4907;0,5;0,9438;0,6667;0,4912;0,9348;0,6464
2020-07-03;"CENTRO-LESTE";133;39;20;3;43;24;10;2;94;17;19;8;153;42;111;53;26;27;206;68;138;0,2932;0,15;0,5581;0,2;0,2745;0,4906;0,3301
2020-07-03;"CENTRO-NORTE";55;8;0;0;5;4;0;0;47;0;1;0;55;8;47;5;4;1;60;12;48;0,1455;NA;0,8;NA;0,1455;0,8;0,2
2020-07-03;"EXTREMO-SUL";20;12;0;0;25;20;0;0;8;0;5;0;20;12;8;25;20;5;45;32;13;0,6;NA;0,8;NA;0,6;0,8;0,7111
2020-07-03;"LESTE";771;551;27;10;620;512;27;7;220;17;108;20;798;561;237;647;519;128;1445;1080;365;0,7147;0,3704;0,8258;0,2593;0,703;0,8022;0,7474
2020-07-03;"NORDESTE";12;5;0;0;12;10;0;0;7;0;2;0;12;5;7;12;10;2;24;15;9;0,4167;NA;0,8333;NA;0,4167;0,8333;0,625
2020-07-03;"NORTE";75;24;2;0;20;17;0;0;51;2;3;0;77;24;53;20;17;3;97;41;56;0,32;0;0,85;NA;0,3117;0,85;0,4227
2020-07-03;"OESTE";30;7;0;0;16;12;0;0;23;0;4;0;30;7;23;16;12;4;46;19;27;0,2333;NA;0,75;NA;0,2333;0,75;0,413
2020-07-03;"SUDOESTE";54;28;0;0;40;22;1;1;26;0;18;0;54;28;26;41;23;18;95;51;44;0,5185;NA;0,55;1;0,5185;0,561;0,5368
2020-07-03;"SUL";161;83;10;6;89;77;3;0;78;4;12;3;171;89;82;92;77;15;263;166;97;0,5155;0,6;0,8652;0;0,5205;0,837;0,6312
2020-07-04;"CENTRO-LESTE";133;38;20;2;43;23;10;2;95;18;20;8;153;40;113;53;25;28;206;65;141;0,2857;0,1;0,5349;0,2;0,2614;0,4717;0,3155
2020-07-04;"CENTRO-NORTE";55;8;0;0;5;4;0;0;47;0;1;0;55;8;47;5;4;1;60;12;48;0,1455;NA;0,8;NA;0,1455;0,8;0,2
2020-07-04;"EXTREMO-SUL";20;12;0;0;25;21;0;0;8;0;4;0;20;12;8;25;21;4;45;33;12;0,6;NA;0,84;NA;0,6;0,84;0,7333
2020-07-04;"LESTE";771;548;27;15;622;527;27;15;223;12;95;12;798;563;235;649;542;107;1447;1105;342;0,7108;0,5556;0,8473;0,5556;0,7055;0,8351;0,7636
2020-07-04;"NORDESTE";12;4;0;0;12;7;0;0;8;0;5;0;12;4;8;12;7;5;24;11;13;0,3333;NA;0,5833;NA;0,3333;0,5833;0,4583
2020-07-04;"NORTE";75;22;2;0;20;16;0;0;53;2;4;0;77;22;55;20;16;4;97;38;59;0,2933;0;0,8;NA;0,2857;0,8;0,3918
2020-07-04;"OESTE";30;4;0;0;16;13;0;0;26;0;3;0;30;4;26;16;13;3;46;17;29;0,1333;NA;0,8125;NA;0,1333;0,8125;0,3696
2020-07-04;"SUDOESTE";54;26;0;0;40;23;1;0;28;0;17;1;54;26;28;41;23;18;95;49;46;0,4815;NA;0,575;0;0,4815;0,561;0,5158
2020-07-04;"SUL";161;83;10;6;89;81;3;0;78;4;8;3;171;89;82;92;81;11;263;170;93;0,5155;0,6;0,9101;0;0,5205;0,8804;0,6464
2020-07-05;"CENTRO-LESTE";133;32;20;2;43;24;10;1;101;18;19;9;153;34;119;53;25;28;206;59;147;0,2406;0,1;0,5581;0,1;0,2222;0,4717;0,2864
2020-07-05;"CENTRO-NORTE";55;7;0;0;5;4;0;0;48;0;1;0;55;7;48;5;4;1;60;11;49;0,1273;NA;0,8;NA;0,1273;0,8;0,1833
2020-07-05;"EXTREMO-SUL";20;11;0;0;25;23;0;0;9;0;2;0;20;11;9;25;23;2;45;34;11;0,55;NA;0,92;NA;0,55;0,92;0,7556
2020-07-05;"LESTE";771;532;27;15;622;517;27;17;239;12;105;10;798;547;251;649;534;115;1447;1081;366;0,69;0,5556;0,8312;0,6296;0,6855;0,8228;0,7471
2020-07-05;"NORDESTE";12;4;0;0;12;8;0;0;8;0;4;0;12;4;8;12;8;4;24;12;12;0,3333;NA;0,6667;NA;0,3333;0,6667;0,5
2020-07-05;"NORTE";75;23;2;0;20;16;0;0;52;2;4;0;77;23;54;20;16;4;97;39;58;0,3067;0;0,8;NA;0,2987;0,8;0,4021
2020-07-05;"OESTE";30;4;0;0;16;11;0;0;26;0;5;0;30;4;26;16;11;5;46;15;31;0,1333;NA;0,6875;NA;0,1333;0,6875;0,3261
2020-07-05;"SUDOESTE";54;24;0;0;40;21;1;1;30;0;19;0;54;24;30;41;22;19;95;46;49;0,4444;NA;0,525;1;0,4444;0,5366;0,4842
2020-07-05;"SUL";161;85;10;3;89;81;3;1;76;7;8;2;171;88;83;92;82;10;263;170;93;0,528;0,3;0,9101;0,3333;0,5146;0,8913;0,6464
2020-07-06;"CENTRO-LESTE";133;39;20;3;43;26;10;1;94;17;17;9;153;42;111;53;27;26;206;69;137;0,2932;0,15;0,6047;0,1;0,2745;0,5094;0,335
2020-07-06;"CENTRO-NORTE";55;9;0;0;5;3;0;0;46;0;2;0;55;9;46;5;3;2;60;12;48;0,1636;NA;0,6;NA;0,1636;0,6;0,2
2020-07-06;"EXTREMO-SUL";20;11;0;0;25;23;0;0;9;0;2;0;20;11;9;25;23;2;45;34;11;0,55;NA;0,92;NA;0,55;0,92;0,7556
2020-07-06;"LESTE";771;516;27;19;632;522;27;15;255;8;110;12;798;535;263;659;537;122;1457;1072;385;0,6693;0,7037;0,8259;0,5556;0,6704;0,8149;0,7358
2020-07-06;"NORDESTE";12;6;0;0;12;8;0;0;6;0;4;0;12;6;6;12;8;4;24;14;10;0,5;NA;0,6667;NA;0,5;0,6667;0,5833
2020-07-06;"NORTE";75;22;2;0;20;17;0;0;53;2;3;0;77;22;55;20;17;3;97;39;58;0,2933;0;0,85;NA;0,2857;0,85;0,4021
2020-07-06;"OESTE";30;7;0;0;16;13;0;0;23;0;3;0;30;7;23;16;13;3;46;20;26;0,2333;NA;0,8125;NA;0,2333;0,8125;0,4348
2020-07-06;"SUDOESTE";54;25;0;0;40;24;1;0;29;0;16;1;54;25;29;41;24;17;95;49;46;0,463;NA;0,6;0;0,463;0,5854;0,5158
2020-07-06;"SUL";161;94;10;1;89;79;3;2;67;9;10;1;171;95;76;92;81;11;263;176;87;0,5839;0,1;0,8876;0,6667;0,5556;0,8804;0,6692
2020-07-07;"CENTRO-LESTE";133;45;20;4;43;28;10;2;88;16;15;8;153;49;104;53;30;23;206;79;127;0,3383;0,2;0,6512;0,2;0,3203;0,566;0,3835
2020-07-07;"CENTRO-NORTE";55;8;0;0;5;4;0;0;47;0;1;0;55;8;47;5;4;1;60;12;48;0,1455;NA;0,8;NA;0,1455;0,8;0,2
2020-07-07;"EXTREMO-SUL";20;16;0;0;25;22;0;0;4;0;3;0;20;16;4;25;22;3;45;38;7;0,8;NA;0,88;NA;0,8;0,88;0,8444
2020-07-07;"LESTE";785;496;27;16;637;527;27;14;289;11;110;13;812;512;300;664;541;123;1476;1053;423;0,6318;0,5926;0,8273;0,5185;0,6305;0,8148;0,7134
2020-07-07;"NORDESTE";12;6;0;0;12;9;0;0;6;0;3;0;12;6;6;12;9;3;24;15;9;0,5;NA;0,75;NA;0,5;0,75;0,625
2020-07-07;"NORTE";95;24;2;0;30;16;0;0;71;2;14;0;97;24;73;30;16;14;127;40;87;0,2526;0;0,5333;NA;0,2474;0,5333;0,315
2020-07-07;"OESTE";30;8;0;0;16;12;0;0;22;0;4;0;30;8;22;16;12;4;46;20;26;0,2667;NA;0,75;NA;0,2667;0,75;0,4348
2020-07-07;"SUDOESTE";54;25;0;0;40;21;1;1;29;0;19;0;54;25;29;41;22;19;95;47;48;0,463;NA;0,525;1;0,463;0,5366;0,4947
2020-07-07;"SUL";161;101;10;1;89;78;3;2;60;9;11;1;171;102;69;92;80;12;263;182;81;0,6273;0,1;0,8764;0,6667;0,5965;0,8696;0,692
2020-07-08;"CENTRO-LESTE";133;53;20;10;40;30;10;0;80;10;10;10;153;63;90;50;30;20;203;93;110;0,3985;0,5;0,75;0;0,4118;0,6;0,4581
2020-07-08;"CENTRO-NORTE";55;6;0;0;5;4;0;0;49;0;1;0;55;6;49;5;4;1;60;10;50;0,1091;NA;0,8;NA;0,1091;0,8;0,1667
2020-07-08;"EXTREMO-SUL";20;15;0;0;25;23;0;0;5;0;2;0;20;15;5;25;23;2;45;38;7;0,75;NA;0,92;NA;0,75;0,92;0,8444
2020-07-08;"LESTE";785;497;27;17;633;507;27;15;288;10;126;12;812;514;298;660;522;138;1472;1036;436;0,6331;0,6296;0,8009;0,5556;0,633;0,7909;0,7038
2020-07-08;"NORDESTE";12;7;0;0;12;9;0;0;5;0;3;0;12;7;5;12;9;3;24;16;8;0,5833;NA;0,75;NA;0,5833;0,75;0,6667
2020-07-08;"NORTE";95;21;2;0;30;20;0;0;74;2;10;0;97;21;76;30;20;10;127;41;86;0,2211;0;0,6667;NA;0,2165;0,6667;0,3228
2020-07-08;"OESTE";30;7;0;0;16;13;0;0;23;0;3;0;30;7;23;16;13;3;46;20;26;0,2333;NA;0,8125;NA;0,2333;0,8125;0,4348
2020-07-08;"SUDOESTE";54;26;0;0;40;26;1;0;28;0;14;1;54;26;28;41;26;15;95;52;43;0,4815;NA;0,65;0;0,4815;0,6341;0,5474
2020-07-08;"SUL";161;89;10;0;89;81;3;3;72;10;8;0;171;89;82;92;84;8;263;173;90;0,5528;0;0,9101;1;0,5205;0,913;0,6578
2020-07-09;"CENTRO-LESTE";133;52;20;12;48;35;10;2;81;8;13;8;153;64;89;58;37;21;211;101;110;0,391;0,6;0,7292;0,2;0,4183;0,6379;0,4787
2020-07-09;"CENTRO-NORTE";55;3;0;0;5;4;0;0;52;0;1;0;55;3;52;5;4;1;60;7;53;0,0545;NA;0,8;NA;0,0545;0,8;0,1167
2020-07-09;"EXTREMO-SUL";20;15;0;0;25;24;0;0;5;0;1;0;20;15;5;25;24;1;45;39;6;0,75;NA;0,96;NA;0,75;0,96;0,8667
2020-07-09;"LESTE";785;515;27;17;633;516;27;16;270;10;117;11;812;532;280;660;532;128;1472;1064;408;0,6561;0,6296;0,8152;0,5926;0,6552;0,8061;0,7228
2020-07-09;"NORDESTE";12;6;0;0;12;8;0;0;6;0;4;0;12;6;6;12;8;4;24;14;10;0,5;NA;0,6667;NA;0,5;0,6667;0,5833
2020-07-09;"NORTE";95;26;2;0;30;23;0;0;69;2;7;0;97;26;71;30;23;7;127;49;78;0,2737;0;0,7667;NA;0,268;0,7667;0,3858
2020-07-09;"OESTE";38;7;0;0;16;12;0;0;31;0;4;0;38;7;31;16;12;4;54;19;35;0,1842;NA;0,75;NA;0,1842;0,75;0,3519
2020-07-09;"SUDOESTE";54;26;0;0;40;26;1;0;28;0;14;1;54;26;28;41;26;15;95;52;43;0,4815;NA;0,65;0;0,4815;0,6341;0,5474
2020-07-09;"SUL";161;101;10;0;99;82;3;3;60;10;17;0;171;101;70;102;85;17;273;186;87;0,6273;0;0,8283;1;0,5906;0,8333;0,6813
2020-07-10;"CENTRO-LESTE";133;54;20;6;48;36;10;4;79;14;12;6;153;60;93;58;40;18;211;100;111;0,406;0,3;0,75;0,4;0,3922;0,6897;0,4739
2020-07-10;"CENTRO-NORTE";55;3;0;0;5;3;0;0;52;0;2;0;55;3;52;5;3;2;60;6;54;0,0545;NA;0,6;NA;0,0545;0,6;0,1
2020-07-10;"EXTREMO-SUL";20;14;0;0;26;25;0;0;6;0;1;0;20;14;6;26;25;1;46;39;7;0,7;NA;0,9615;NA;0,7;0,9615;0,8478
2020-07-10;"LESTE";785;523;27;17;633;500;27;16;262;10;133;11;812;540;272;660;516;144;1472;1056;416;0,6662;0,6296;0,7899;0,5926;0,665;0,7818;0,7174
2020-07-10;"NORDESTE";12;6;0;0;12;8;0;0;6;0;4;0;12;6;6;12;8;4;24;14;10;0,5;NA;0,6667;NA;0,5;0,6667;0,5833
2020-07-10;"NORTE";95;17;2;0;30;23;0;0;78;2;7;0;97;17;80;30;23;7;127;40;87;0,1789;0;0,7667;NA;0,1753;0,7667;0,315
2020-07-10;"OESTE";38;11;0;0;20;18;0;0;27;0;2;0;38;11;27;20;18;2;58;29;29;0,2895;NA;0,9;NA;0,2895;0,9;0,5
2020-07-10;"SUDOESTE";54;31;0;0;40;28;1;0;23;0;12;1;54;31;23;41;28;13;95;59;36;0,5741;NA;0,7;0;0,5741;0,6829;0,6211
2020-07-10;"SUL";161;103;10;0;101;84;3;2;58;10;17;1;171;103;68;104;86;18;275;189;86;0,6398;0;0,8317;0,6667;0,6023;0,8269;0,6873
2020-07-11;"CENTRO-LESTE";133;45;20;6;48;40;10;3;88;14;8;7;153;51;102;58;43;15;211;94;117;0,3383;0,3;0,8333;0,3;0,3333;0,7414;0,4455
2020-07-11;"CENTRO-NORTE";55;8;0;0;5;3;0;0;47;0;2;0;55;8;47;5;3;2;60;11;49;0,1455;NA;0,6;NA;0,1455;0,6;0,1833
2020-07-11;"EXTREMO-SUL";20;17;0;0;27;27;0;0;3;0;0;0;20;17;3;27;27;0;47;44;3;0,85;NA;1;NA;0,85;1;0,9362
2020-07-11;"LESTE";785;516;27;15;633;501;27;14;269;12;132;13;812;531;281;660;515;145;1472;1046;426;0,6573;0,5556;0,7915;0,5185;0,6539;0,7803;0,7106
2020-07-11;"NORDESTE";12;6;0;0;12;8;0;0;6;0;4;0;12;6;6;12;8;4;24;14;10;0,5;NA;0,6667;NA;0,5;0,6667;0,5833
2020-07-11;"NORTE";95;20;2;0;30;22;0;0;75;2;8;0;97;20;77;30;22;8;127;42;85;0,2105;0;0,7333;NA;0,2062;0,7333;0,3307
2020-07-11;"OESTE";38;10;0;0;20;16;0;0;28;0;4;0;38;10;28;20;16;4;58;26;32;0,2632;NA;0,8;NA;0,2632;0,8;0,4483
2020-07-11;"SUDOESTE";54;31;0;0;50;31;0;1;23;0;19;-1;54;31;23;50;32;18;104;63;41;0,5741;NA;0,62;Inf;0,5741;0,64;0,6058
2020-07-11;"SUL";161;108;10;0;101;85;3;2;53;10;16;1;171;108;63;104;87;17;275;195;80;0,6708;0;0,8416;0,6667;0,6316;0,8365;0,7091
2020-07-12;"CENTRO-LESTE";133;50;20;4;48;41;10;3;83;16;7;7;153;54;99;58;44;14;211;98;113;0,3759;0,2;0,8542;0,3;0,3529;0,7586;0,4645
2020-07-12;"CENTRO-NORTE";55;0;0;0;5;4;0;0;55;0;1;0;55;0;55;5;4;1;60;4;56;0;NA;0,8;NA;0;0,8;0,0667
2020-07-12;"EXTREMO-SUL";20;17;0;0;27;27;0;0;3;0;0;0;20;17;3;27;27;0;47;44;3;0,85;NA;1;NA;0,85;1;0,9362
2020-07-12;"LESTE";785;522;27;12;633;513;27;13;263;15;120;14;812;534;278;660;526;134;1472;1060;412;0,665;0,4444;0,8104;0,4815;0,6576;0,797;0,7201
2020-07-12;"NORDESTE";12;6;0;0;12;8;0;0;6;0;4;0;12;6;6;12;8;4;24;14;10;0,5;NA;0,6667;NA;0,5;0,6667;0,5833
2020-07-12;"NORTE";95;19;2;0;30;19;0;0;76;2;11;0;97;19;78;30;19;11;127;38;89;0,2;0;0,6333;NA;0,1959;0,6333;0,2992
2020-07-12;"OESTE";38;7;0;0;20;15;0;0;31;0;5;0;38;7;31;20;15;5;58;22;36;0,1842;NA;0,75;NA;0,1842;0,75;0,3793
2020-07-12;"SUDOESTE";54;33;0;0;50;34;0;0;21;0;16;0;54;33;21;50;34;16;104;67;37;0,6111;NA;0,68;NA;0,6111;0,68;0,6442
2020-07-12;"SUL";161;110;10;1;101;88;3;0;51;9;13;3;171;111;60;104;88;16;275;199;76;0,6832;0,1;0,8713;0;0,6491;0,8462;0,7236
2020-07-13;"CENTRO-LESTE";133;46;20;6;48;32;10;4;87;14;16;6;153;52;101;58;36;22;211;88;123;0,3459;0,3;0,6667;0,4;0,3399;0,6207;0,4171
2020-07-13;"CENTRO-NORTE";55;8;0;0;5;4;0;0;47;0;1;0;55;8;47;5;4;1;60;12;48;0,1455;NA;0,8;NA;0,1455;0,8;0,2
2020-07-13;"EXTREMO-SUL";20;16;0;0;27;26;0;0;4;0;1;0;20;16;4;27;26;1;47;42;5;0,8;NA;0,963;NA;0,8;0,963;0,8936
2020-07-13;"LESTE";785;505;27;16;633;497;27;13;280;11;136;14;812;521;291;660;510;150;1472;1031;441;0,6433;0,5926;0,7852;0,4815;0,6416;0,7727;0,7004
2020-07-13;"NORDESTE";12;5;0;0;12;7;0;0;7;0;5;0;12;5;7;12;7;5;24;12;12;0,4167;NA;0,5833;NA;0,4167;0,5833;0,5
2020-07-13;"NORTE";95;14;2;0;30;23;0;0;81;2;7;0;97;14;83;30;23;7;127;37;90;0,1474;0;0,7667;NA;0,1443;0,7667;0,2913
2020-07-13;"OESTE";38;10;0;0;20;15;0;0;28;0;5;0;38;10;28;20;15;5;58;25;33;0,2632;NA;0,75;NA;0,2632;0,75;0,431
2020-07-13;"SUDOESTE";54;37;0;0;50;38;0;0;17;0;12;0;54;37;17;50;38;12;104;75;29;0,6852;NA;0,76;NA;0,6852;0,76;0,7212
2020-07-13;"SUL";161;107;10;2;101;90;3;1;54;8;11;2;171;109;62;104;91;13;275;200;75;0,6646;0,2;0,8911;0,3333;0,6374;0,875;0,7273
2020-07-14;"CENTRO-LESTE";133;46;20;7;58;37;10;2;87;13;21;8;153;53;100;68;39;29;221;92;129;0,3459;0,35;0,6379;0,2;0,3464;0,5735;0,4163
2020-07-14;"CENTRO-NORTE";55;11;0;0;5;1;0;0;44;0;4;0;55;11;44;5;1;4;60;12;48;0,2;NA;0,2;NA;0,2;0,2;0,2
2020-07-14;"EXTREMO-SUL";20;16;0;0;27;24;0;0;4;0;3;0;20;16;4;27;24;3;47;40;7;0,8;NA;0,8889;NA;0,8;0,8889;0,8511
2020-07-14;"LESTE";825;520;27;17;637;496;27;14;305;10;141;13;852;537;315;664;510;154;1516;1047;469;0,6303;0,6296;0,7786;0,5185;0,6303;0,7681;0,6906
2020-07-14;"NORDESTE";12;3;0;0;12;8;0;0;9;0;4;0;12;3;9;12;8;4;24;11;13;0,25;NA;0,6667;NA;0,25;0,6667;0,4583
2020-07-14;"NORTE";95;18;2;0;30;22;0;0;77;2;8;0;97;18;79;30;22;8;127;40;87;0,1895;0;0,7333;NA;0,1856;0,7333;0,315
2020-07-14;"OESTE";38;8;0;0;20;17;0;0;30;0;3;0;38;8;30;20;17;3;58;25;33;0,2105;NA;0,85;NA;0,2105;0,85;0,431
2020-07-14;"SUDOESTE";54;31;0;0;50;35;0;0;23;0;15;0;54;31;23;50;35;15;104;66;38;0,5741;NA;0,7;NA;0,5741;0,7;0,6346
2020-07-14;"SUL";161;112;10;2;104;90;3;1;49;8;14;2;171;114;57;107;91;16;278;205;73;0,6957;0,2;0,8654;0,3333;0,6667;0,8505;0,7374
2020-07-15;"CENTRO-LESTE";133;51;20;5;58;33;10;2;82;15;25;8;153;56;97;68;35;33;221;91;130;0,3835;0,25;0,569;0,2;0,366;0,5147;0,4118
2020-07-15;"CENTRO-NORTE";55;11;0;0;5;1;0;0;44;0;4;0;55;11;44;5;1;4;60;12;48;0,2;NA;0,2;NA;0,2;0,2;0,2
2020-07-15;"EXTREMO-SUL";20;16;0;0;27;23;0;0;4;0;4;0;20;16;4;27;23;4;47;39;8;0,8;NA;0,8519;NA;0,8;0,8519;0,8298
2020-07-15;"LESTE";798;523;27;18;637;498;27;14;275;9;139;13;825;541;284;664;512;152;1489;1053;436;0,6554;0,6667;0,7818;0,5185;0,6558;0,7711;0,7072
2020-07-15;"NORDESTE";12;5;0;0;12;10;0;0;7;0;2;0;12;5;7;12;10;2;24;15;9;0,4167;NA;0,8333;NA;0,4167;0,8333;0,625
2020-07-15;"NORTE";95;24;2;0;30;20;0;0;71;2;10;0;97;24;73;30;20;10;127;44;83;0,2526;0;0,6667;NA;0,2474;0,6667;0,3465
2020-07-15;"OESTE";38;6;0;0;20;19;0;0;32;0;1;0;38;6;32;20;19;1;58;25;33;0,1579;NA;0,95;NA;0,1579;0,95;0,431
2020-07-15;"SUDOESTE";54;34;0;0;50;44;0;0;20;0;6;0;54;34;20;50;44;6;104;78;26;0,6296;NA;0,88;NA;0,6296;0,88;0,75
2020-07-15;"SUL";161;108;10;2;104;92;3;1;53;8;12;2;171;110;61;107;93;14;278;203;75;0,6708;0,2;0,8846;0,3333;0,6433;0,8692;0,7302
2020-07-16;"CENTRO-LESTE";133;51;20;5;58;30;10;2;82;15;28;8;153;56;97;68;32;36;221;88;133;0,3835;0,25;0,5172;0,2;0,366;0,4706;0,3982
2020-07-16;"CENTRO-NORTE";55;12;0;0;5;2;0;0;43;0;3;0;55;12;43;5;2;3;60;14;46;0,2182;NA;0,4;NA;0,2182;0,4;0,2333
2020-07-16;"EXTREMO-SUL";20;16;0;0;27;24;0;0;4;0;3;0;20;16;4;27;24;3;47;40;7;0,8;NA;0,8889;NA;0,8;0,8889;0,8511
2020-07-16;"LESTE";798;494;27;13;637;502;27;13;304;14;135;14;825;507;318;664;515;149;1489;1022;467;0,619;0,4815;0,7881;0,4815;0,6145;0,7756;0,6864
2020-07-16;"NORDESTE";12;5;0;0;12;10;0;0;7;0;2;0;12;5;7;12;10;2;24;15;9;0,4167;NA;0,8333;NA;0,4167;0,8333;0,625
2020-07-16;"NORTE";95;26;2;0;30;24;0;0;69;2;6;0;97;26;71;30;24;6;127;50;77;0,2737;0;0,8;NA;0,268;0,8;0,3937
2020-07-16;"OESTE";38;7;0;0;20;20;0;0;31;0;0;0;38;7;31;20;20;0;58;27;31;0,1842;NA;1;NA;0,1842;1;0,4655
2020-07-16;"SUDOESTE";54;37;0;0;50;48;0;0;17;0;2;0;54;37;17;50;48;2;104;85;19;0,6852;NA;0,96;NA;0,6852;0,96;0,8173
2020-07-16;"SUL";161;112;10;6;104;93;3;1;49;4;11;2;171;118;53;107;94;13;278;212;66;0,6957;0,6;0,8942;0,3333;0,6901;0,8785;0,7626
2020-07-17;"CENTRO-LESTE";133;50;20;9;78;41;10;2;83;11;37;8;153;59;94;88;43;45;241;102;139;0,3759;0,45;0,5256;0,2;0,3856;0,4886;0,4232
2020-07-17;"CENTRO-NORTE";55;12;0;0;5;3;0;0;43;0;2;0;55;12;43;5;3;2;60;15;45;0,2182;NA;0,6;NA;0,2182;0,6;0,25
2020-07-17;"EXTREMO-SUL";20;16;0;0;27;24;0;0;4;0;3;0;20;16;4;27;24;3;47;40;7;0,8;NA;0,8889;NA;0,8;0,8889;0,8511
2020-07-17;"LESTE";798;480;27;13;637;497;27;13;318;14;140;14;825;493;332;664;510;154;1489;1003;486;0,6015;0,4815;0,7802;0,4815;0,5976;0,7681;0,6736
2020-07-17;"NORDESTE";12;3;0;0;12;11;0;0;9;0;1;0;12;3;9;12;11;1;24;14;10;0,25;NA;0,9167;NA;0,25;0,9167;0,5833
2020-07-17;"NORTE";95;31;2;0;30;24;0;0;64;2;6;0;97;31;66;30;24;6;127;55;72;0,3263;0;0,8;NA;0,3196;0,8;0,4331
2020-07-17;"OESTE";38;23;0;0;20;17;0;0;15;0;3;0;38;23;15;20;17;3;58;40;18;0,6053;NA;0,85;NA;0,6053;0,85;0,6897
2020-07-17;"SUDOESTE";59;31;0;0;50;46;0;0;28;0;4;0;59;31;28;50;46;4;109;77;32;0,5254;NA;0,92;NA;0,5254;0,92;0,7064
2020-07-17;"SUL";161;117;10;4;104;95;3;2;44;6;9;1;171;121;50;107;97;10;278;218;60;0,7267;0,4;0,9135;0,6667;0,7076;0,9065;0,7842
2020-07-18;"CENTRO-LESTE";133;45;20;12;78;37;10;5;88;8;41;5;153;57;96;88;42;46;241;99;142;0,3383;0,6;0,4744;0,5;0,3725;0,4773;0,4108
2020-07-18;"CENTRO-NORTE";55;9;0;0;5;4;0;0;46;0;1;0;55;9;46;5;4;1;60;13;47;0,1636;NA;0,8;NA;0,1636;0,8;0,2167
2020-07-18;"EXTREMO-SUL";20;17;0;0;27;24;0;0;3;0;3;0;20;17;3;27;24;3;47;41;6;0,85;NA;0,8889;NA;0,85;0,8889;0,8723
2020-07-18;"LESTE";798;497;27;18;657;500;27;12;301;9;157;15;825;515;310;684;512;172;1509;1027;482;0,6228;0,6667;0,761;0,4444;0,6242;0,7485;0,6806
2020-07-18;"NORDESTE";12;3;0;0;12;11;0;0;9;0;1;0;12;3;9;12;11;1;24;14;10;0,25;NA;0,9167;NA;0,25;0,9167;0,5833
2020-07-18;"NORTE";95;33;2;0;30;23;0;0;62;2;7;0;97;33;64;30;23;7;127;56;71;0,3474;0;0,7667;NA;0,3402;0,7667;0,4409
2020-07-18;"OESTE";38;24;0;0;20;15;0;0;14;0;5;0;38;24;14;20;15;5;58;39;19;0,6316;NA;0,75;NA;0,6316;0,75;0,6724
2020-07-18;"SUDOESTE";83;37;0;0;60;49;0;0;46;0;11;0;83;37;46;60;49;11;143;86;57;0,4458;NA;0,8167;NA;0,4458;0,8167;0,6014
2020-07-18;"SUL";161;114;10;5;104;97;3;2;47;5;7;1;171;119;52;107;99;8;278;218;60;0,7081;0,5;0,9327;0,6667;0,6959;0,9252;0,7842
2020-07-19;"CENTRO-LESTE";133;46;20;12;78;41;10;6;87;8;37;4;153;58;95;88;47;41;241;105;136;0,3459;0,6;0,5256;0,6;0,3791;0,5341;0,4357
2020-07-19;"CENTRO-NORTE";55;7;0;0;5;5;0;0;48;0;0;0;55;7;48;5;5;0;60;12;48;0,1273;NA;1;NA;0,1273;1;0,2
2020-07-19;"EXTREMO-SUL";20;18;0;0;27;25;0;0;2;0;2;0;20;18;2;27;25;2;47;43;4;0,9;NA;0,9259;NA;0,9;0,9259;0,9149
2020-07-19;"LESTE";798;502;27;18;673;508;27;10;296;9;165;17;825;520;305;700;518;182;1525;1038;487;0,6291;0,6667;0,7548;0,3704;0,6303;0,74;0,6807
2020-07-19;"NORDESTE";12;3;0;0;12;6;0;0;9;0;6;0;12;3;9;12;6;6;24;9;15;0,25;NA;0,5;NA;0,25;0,5;0,375
2020-07-19;"NORTE";95;31;2;0;30;23;0;0;64;2;7;0;97;31;66;30;23;7;127;54;73;0,3263;0;0,7667;NA;0,3196;0,7667;0,4252
2020-07-19;"OESTE";38;23;0;0;20;19;0;0;15;0;1;0;38;23;15;20;19;1;58;42;16;0,6053;NA;0,95;NA;0,6053;0,95;0,7241
2020-07-19;"SUDOESTE";83;39;0;0;60;43;0;0;44;0;17;0;83;39;44;60;43;17;143;82;61;0,4699;NA;0,7167;NA;0,4699;0,7167;0,5734
2020-07-19;"SUL";161;121;10;5;104;98;3;3;40;5;6;0;171;126;45;107;101;6;278;227;51;0,7516;0,5;0,9423;1;0,7368;0,9439;0,8165
2020-07-20;"CENTRO-LESTE";147;59;20;5;78;36;10;2;88;15;42;8;167;64;103;88;38;50;255;102;153;0,4014;0,25;0,4615;0,2;0,3832;0,4318;0,4
2020-07-20;"CENTRO-NORTE";55;8;0;0;5;5;0;0;47;0;0;0;55;8;47;5;5;0;60;13;47;0,1455;NA;1;NA;0,1455;1;0,2167
2020-07-20;"EXTREMO-SUL";20;16;0;0;27;22;0;0;4;0;5;0;20;16;4;27;22;5;47;38;9;0,8;NA;0,8148;NA;0,8;0,8148;0,8085
2020-07-20;"LESTE";798;508;27;16;673;502;27;13;290;11;171;14;825;524;301;700;515;185;1525;1039;486;0,6366;0,5926;0,7459;0,4815;0,6352;0,7357;0,6813
2020-07-20;"NORDESTE";12;3;0;0;12;7;0;0;9;0;5;0;12;3;9;12;7;5;24;10;14;0,25;NA;0,5833;NA;0,25;0,5833;0,4167
2020-07-20;"NORTE";95;30;2;0;30;25;0;0;65;2;5;0;97;30;67;30;25;5;127;55;72;0,3158;0;0,8333;NA;0,3093;0,8333;0,4331
2020-07-20;"OESTE";48;19;0;0;24;24;0;0;29;0;0;0;48;19;29;24;24;0;72;43;29;0,3958;NA;1;NA;0,3958;1;0,5972
2020-07-20;"SUDOESTE";83;41;0;0;60;44;1;0;42;0;16;1;83;41;42;61;44;17;144;85;59;0,494;NA;0,7333;0;0,494;0,7213;0,5903
2020-07-20;"SUL";161;122;10;5;104;96;3;3;39;5;8;0;171;127;44;107;99;8;278;226;52;0,7578;0,5;0,9231;1;0,7427;0,9252;0,8129
2020-07-21;"CENTRO-LESTE";147;62;20;13;78;40;10;3;85;7;38;7;167;75;92;88;43;45;255;118;137;0,4218;0,65;0,5128;0,3;0,4491;0,4886;0,4627
2020-07-21;"CENTRO-NORTE";55;10;0;0;5;5;0;0;45;0;0;0;55;10;45;5;5;0;60;15;45;0,1818;NA;1;NA;0,1818;1;0,25
2020-07-21;"EXTREMO-SUL";40;15;0;0;47;23;0;0;25;0;24;0;40;15;25;47;23;24;87;38;49;0,375;NA;0,4894;NA;0,375;0,4894;0,4368
2020-07-21;"LESTE";798;506;27;18;673;500;27;15;292;9;173;12;825;524;301;700;515;185;1525;1039;486;0,6341;0,6667;0,7429;0,5556;0,6352;0,7357;0,6813
2020-07-21;"NORDESTE";12;3;0;0;12;7;0;0;9;0;5;0;12;3;9;12;7;5;24;10;14;0,25;NA;0,5833;NA;0,25;0,5833;0,4167
2020-07-21;"NORTE";95;38;2;0;30;22;0;0;57;2;8;0;97;38;59;30;22;8;127;60;67;0,4;0;0,7333;NA;0,3918;0,7333;0,4724
2020-07-21;"OESTE";48;23;0;0;24;19;0;0;25;0;5;0;48;23;25;24;19;5;72;42;30;0,4792;NA;0,7917;NA;0,4792;0,7917;0,5833
2020-07-21;"SUDOESTE";83;36;0;0;60;41;1;0;47;0;19;1;83;36;47;61;41;20;144;77;67;0,4337;NA;0,6833;0;0,4337;0,6721;0,5347
2020-07-21;"SUL";171;118;10;4;124;93;3;3;53;6;31;0;181;122;59;127;96;31;308;218;90;0,6901;0,4;0,75;1;0,674;0,7559;0,7078
2020-07-22;"CENTRO-LESTE";147;52;20;10;78;41;10;5;95;10;37;5;167;62;105;88;46;42;255;108;147;0,3537;0,5;0,5256;0,5;0,3713;0,5227;0,4235
2020-07-22;"CENTRO-NORTE";55;8;0;0;5;4;0;0;47;0;1;0;55;8;47;5;4;1;60;12;48;0,1455;NA;0,8;NA;0,1455;0,8;0,2
2020-07-22;"EXTREMO-SUL";40;17;0;0;47;32;0;0;23;0;15;0;40;17;23;47;32;15;87;49;38;0,425;NA;0,6809;NA;0,425;0,6809;0,5632
2020-07-22;"LESTE";798;511;27;14;683;504;27;17;287;13;179;10;825;525;300;710;521;189;1535;1046;489;0,6404;0,5185;0,7379;0,6296;0,6364;0,7338;0,6814
2020-07-22;"NORDESTE";12;4;0;0;12;7;0;0;8;0;5;0;12;4;8;12;7;5;24;11;13;0,3333;NA;0,5833;NA;0,3333;0,5833;0,4583
2020-07-22;"NORTE";95;38;2;0;30;23;0;0;57;2;7;0;97;38;59;30;23;7;127;61;66;0,4;0;0,7667;NA;0,3918;0,7667;0,4803
2020-07-22;"OESTE";48;24;0;0;24;21;0;0;24;0;3;0;48;24;24;24;21;3;72;45;27;0,5;NA;0,875;NA;0,5;0,875;0,625
2020-07-22;"SUDOESTE";83;38;0;0;60;43;1;0;45;0;17;1;83;38;45;61;43;18;144;81;63;0,4578;NA;0,7167;0;0,4578;0,7049;0,5625
2020-07-22;"SUL";211;143;10;3;132;103;3;3;68;7;29;0;221;146;75;135;106;29;356;252;104;0,6777;0,3;0,7803;1;0,6606;0,7852;0,7079
2020-07-23;"CENTRO-LESTE";147;46;20;8;78;45;10;3;101;12;33;7;167;54;113;88;48;40;255;102;153;0,3129;0,4;0,5769;0,3;0,3234;0,5455;0,4
2020-07-23;"CENTRO-NORTE";55;10;0;0;5;4;0;0;45;0;1;0;55;10;45;5;4;1;60;14;46;0,1818;NA;0,8;NA;0,1818;0,8;0,2333
2020-07-23;"EXTREMO-SUL";40;19;0;0;45;32;0;0;21;0;13;0;40;19;21;45;32;13;85;51;34;0,475;NA;0,7111;NA;0,475;0,7111;0,6
2020-07-23;"LESTE";814;523;27;16;693;512;27;16;291;11;181;11;841;539;302;720;528;192;1561;1067;494;0,6425;0,5926;0,7388;0,5926;0,6409;0,7333;0,6835
2020-07-23;"NORDESTE";12;3;0;0;12;8;0;0;9;0;4;0;12;3;9;12;8;4;24;11;13;0,25;NA;0,6667;NA;0,25;0,6667;0,4583
2020-07-23;"NORTE";95;26;2;0;30;22;0;0;69;2;8;0;97;26;71;30;22;8;127;48;79;0,2737;0;0,7333;NA;0,268;0,7333;0,378
2020-07-23;"OESTE";43;23;0;0;26;23;0;0;20;0;3;0;43;23;20;26;23;3;69;46;23;0,5349;NA;0,8846;NA;0,5349;0,8846;0,6667
2020-07-23;"SUDOESTE";83;45;0;0;60;42;1;0;38;0;18;1;83;45;38;61;42;19;144;87;57;0,5422;NA;0,7;0;0,5422;0,6885;0,6042
2020-07-23;"SUL";193;142;10;4;128;110;3;2;51;6;18;1;203;146;57;131;112;19;334;258;76;0,7358;0,4;0,8594;0,6667;0,7192;0,855;0,7725
2020-07-24;"CENTRO-LESTE";147;53;20;12;78;42;10;4;94;8;36;6;167;65;102;88;46;42;255;111;144;0,3605;0,6;0,5385;0,4;0,3892;0,5227;0,4353
2020-07-24;"CENTRO-NORTE";55;11;0;0;5;5;0;0;44;0;0;0;55;11;44;5;5;0;60;16;44;0,2;NA;1;NA;0,2;1;0,2667
2020-07-24;"EXTREMO-SUL";40;14;0;0;45;34;0;0;26;0;11;0;40;14;26;45;34;11;85;48;37;0,35;NA;0,7556;NA;0,35;0,7556;0,5647
2020-07-24;"LESTE";814;529;27;18;693;500;27;17;285;9;193;10;841;547;294;720;517;203;1561;1064;497;0,6499;0,6667;0,7215;0,6296;0,6504;0,7181;0,6816
2020-07-24;"NORDESTE";12;3;0;0;12;7;0;0;9;0;5;0;12;3;9;12;7;5;24;10;14;0,25;NA;0,5833;NA;0,25;0,5833;0,4167
2020-07-24;"NORTE";95;31;2;0;30;24;0;0;64;2;6;0;97;31;66;30;24;6;127;55;72;0,3263;0;0,8;NA;0,3196;0,8;0,4331
2020-07-24;"OESTE";43;20;0;0;27;22;0;0;23;0;5;0;43;20;23;27;22;5;70;42;28;0,4651;NA;0,8148;NA;0,4651;0,8148;0,6
2020-07-24;"SUDOESTE";83;39;0;0;60;49;1;0;44;0;11;1;83;39;44;61;49;12;144;88;56;0,4699;NA;0,8167;0;0,4699;0,8033;0,6111
2020-07-24;"SUL";193;139;10;3;127;110;3;0;54;7;17;3;203;142;61;130;110;20;333;252;81;0,7202;0,3;0,8661;0;0,6995;0,8462;0,7568
2020-07-25;"CENTRO-LESTE";147;49;20;15;78;47;10;4;98;5;31;6;167;64;103;88;51;37;255;115;140;0,3333;0,75;0,6026;0,4;0,3832;0,5795;0,451
2020-07-25;"CENTRO-NORTE";55;12;0;0;5;4;0;0;43;0;1;0;55;12;43;5;4;1;60;16;44;0,2182;NA;0,8;NA;0,2182;0,8;0,2667
2020-07-25;"EXTREMO-SUL";40;14;0;0;46;34;0;0;26;0;12;0;40;14;26;46;34;12;86;48;38;0,35;NA;0,7391;NA;0,35;0,7391;0,5581
2020-07-25;"LESTE";814;522;27;17;693;507;27;18;292;10;186;9;841;539;302;720;525;195;1561;1064;497;0,6413;0,6296;0,7316;0,6667;0,6409;0,7292;0,6816
2020-07-25;"NORDESTE";12;3;0;0;12;6;0;0;9;0;6;0;12;3;9;12;6;6;24;9;15;0,25;NA;0,5;NA;0,25;0,5;0,375
2020-07-25;"NORTE";95;36;2;0;30;23;0;0;59;2;7;0;97;36;61;30;23;7;127;59;68;0,3789;0;0,7667;NA;0,3711;0,7667;0,4646
2020-07-25;"OESTE";43;21;0;0;30;25;0;0;22;0;5;0;43;21;22;30;25;5;73;46;27;0,4884;NA;0,8333;NA;0,4884;0,8333;0,6301
2020-07-25;"SUDOESTE";83;34;0;0;60;53;1;0;49;0;7;1;83;34;49;61;53;8;144;87;57;0,4096;NA;0,8833;0;0,4096;0,8689;0,6042
2020-07-25;"SUL";193;140;10;2;127;114;3;0;53;8;13;3;203;142;61;130;114;16;333;256;77;0,7254;0,2;0,8976;0;0,6995;0,8769;0,7688
2020-07-26;"CENTRO-LESTE";147;54;20;15;78;56;10;4;93;5;22;6;167;69;98;88;60;28;255;129;126;0,3673;0,75;0,7179;0,4;0,4132;0,6818;0,5059
2020-07-26;"CENTRO-NORTE";55;12;0;0;5;4;0;0;43;0;1;0;55;12;43;5;4;1;60;16;44;0,2182;NA;0,8;NA;0,2182;0,8;0,2667
2020-07-26;"EXTREMO-SUL";40;15;0;0;47;35;0;0;25;0;12;0;40;15;25;47;35;12;87;50;37;0,375;NA;0,7447;NA;0,375;0,7447;0,5747
2020-07-26;"LESTE";814;527;27;18;693;507;27;17;287;9;186;10;841;545;296;720;524;196;1561;1069;492;0,6474;0,6667;0,7316;0,6296;0,648;0,7278;0,6848
2020-07-26;"NORDESTE";12;3;0;0;12;6;0;0;9;0;6;0;12;3;9;12;6;6;24;9;15;0,25;NA;0,5;NA;0,25;0,5;0,375
2020-07-26;"NORTE";95;40;2;0;30;26;0;0;55;2;4;0;97;40;57;30;26;4;127;66;61;0,4211;0;0,8667;NA;0,4124;0,8667;0,5197
2020-07-26;"OESTE";43;23;0;0;30;28;0;0;20;0;2;0;43;23;20;30;28;2;73;51;22;0,5349;NA;0,9333;NA;0,5349;0,9333;0,6986
2020-07-26;"SUDOESTE";83;36;0;0;60;47;1;0;47;0;13;1;83;36;47;61;47;14;144;83;61;0,4337;NA;0,7833;0;0,4337;0,7705;0,5764
2020-07-26;"SUL";192;130;10;1;126;111;3;1;62;9;15;2;202;131;71;129;112;17;331;243;88;0,6771;0,1;0,881;0,3333;0,6485;0,8682;0,7341
2020-07-27;"CENTRO-LESTE";147;56;20;16;78;58;10;6;91;4;20;4;167;72;95;88;64;24;255;136;119;0,381;0,8;0,7436;0,6;0,4311;0,7273;0,5333
2020-07-27;"CENTRO-NORTE";55;10;0;0;5;4;0;0;45;0;1;0;55;10;45;5;4;1;60;14;46;0,1818;NA;0,8;NA;0,1818;0,8;0,2333
2020-07-27;"EXTREMO-SUL";40;13;0;0;47;36;0;0;27;0;11;0;40;13;27;47;36;11;87;49;38;0,325;NA;0,766;NA;0,325;0,766;0,5632
2020-07-27;"LESTE";814;529;27;20;693;498;27;18;285;7;195;9;841;549;292;720;516;204;1561;1065;496;0,6499;0,7407;0,7186;0,6667;0,6528;0,7167;0,6823
2020-07-27;"NORDESTE";12;3;0;0;12;3;0;0;9;0;9;0;12;3;9;12;3;9;24;6;18;0,25;NA;0,25;NA;0,25;0,25;0,25
2020-07-27;"NORTE";95;29;2;0;30;23;0;0;66;2;7;0;97;29;68;30;23;7;127;52;75;0,3053;0;0,7667;NA;0,299;0,7667;0,4094
2020-07-27;"OESTE";43;20;0;0;30;25;0;0;23;0;5;0;43;20;23;30;25;5;73;45;28;0,4651;NA;0,8333;NA;0,4651;0,8333;0,6164
2020-07-27;"SUDOESTE";83;45;0;0;60;47;1;0;38;0;13;1;83;45;38;61;47;14;144;92;52;0,5422;NA;0,7833;0;0,5422;0,7705;0,6389
2020-07-27;"SUL";192;141;10;3;126;108;3;2;51;7;18;1;202;144;58;129;110;19;331;254;77;0,7344;0,3;0,8571;0,6667;0,7129;0,8527;0,7674
2020-07-28;"CENTRO-LESTE";147;52;20;16;78;52;10;6;95;4;26;4;167;68;99;88;58;30;255;126;129;0,3537;0,8;0,6667;0,6;0,4072;0,6591;0,4941
2020-07-28;"CENTRO-NORTE";55;11;0;0;10;4;0;0;44;0;6;0;55;11;44;10;4;6;65;15;50;0,2;NA;0,4;NA;0,2;0,4;0,2308
2020-07-28;"EXTREMO-SUL";40;18;0;0;45;37;0;0;22;0;8;0;40;18;22;45;37;8;85;55;30;0,45;NA;0,8222;NA;0,45;0,8222;0,6471
2020-07-28;"LESTE";834;515;27;17;703;502;27;17;319;10;201;10;861;532;329;730;519;211;1591;1051;540;0,6175;0,6296;0,7141;0,6296;0,6179;0,711;0,6606
2020-07-28;"NORDESTE";12;1;0;0;12;3;0;0;11;0;9;0;12;1;11;12;3;9;24;4;20;0,0833;NA;0,25;NA;0,0833;0,25;0,1667
2020-07-28;"NORTE";95;21;2;0;30;25;0;0;74;2;5;0;97;21;76;30;25;5;127;46;81;0,2211;0;0,8333;NA;0,2165;0,8333;0,3622
2020-07-28;"OESTE";35;25;0;0;50;26;0;0;10;0;24;0;35;25;10;50;26;24;85;51;34;0,7143;NA;0,52;NA;0,7143;0,52;0,6
2020-07-28;"SUDOESTE";83;44;0;0;70;46;1;0;39;0;24;1;83;44;39;71;46;25;154;90;64;0,5301;NA;0,6571;0;0,5301;0,6479;0,5844
2020-07-28;"SUL";192;136;10;4;126;104;3;3;56;6;22;0;202;140;62;129;107;22;331;247;84;0,7083;0,4;0,8254;1;0,6931;0,8295;0,7462
2020-07-29;"CENTRO-LESTE";147;50;20;13;78;54;10;5;97;7;24;5;167;63;104;88;59;29;255;122;133;0,3401;0,65;0,6923;0,5;0,3772;0,6705;0,4784
2020-07-29;"CENTRO-NORTE";55;11;0;0;10;4;0;0;44;0;6;0;55;11;44;10;4;6;65;15;50;0,2;NA;0,4;NA;0,2;0,4;0,2308
2020-07-29;"EXTREMO-SUL";40;22;0;0;45;34;0;0;18;0;11;0;40;22;18;45;34;11;85;56;29;0,55;NA;0,7556;NA;0,55;0,7556;0,6588
2020-07-29;"LESTE";834;515;27;17;713;524;27;15;319;10;189;12;861;532;329;740;539;201;1601;1071;530;0,6175;0,6296;0,7349;0,5556;0,6179;0,7284;0,669
2020-07-29;"NORDESTE";12;2;0;0;12;4;0;0;10;0;8;0;12;2;10;12;4;8;24;6;18;0,1667;NA;0,3333;NA;0,1667;0,3333;0,25
2020-07-29;"NORTE";95;25;2;0;30;24;0;0;70;2;6;0;97;25;72;30;24;6;127;49;78;0,2632;0;0,8;NA;0,2577;0,8;0,3858
2020-07-29;"OESTE";35;21;0;0;50;26;0;0;14;0;24;0;35;21;14;50;26;24;85;47;38;0,6;NA;0,52;NA;0,6;0,52;0,5529
2020-07-29;"SUDOESTE";83;43;0;0;70;51;1;0;40;0;19;1;83;43;40;71;51;20;154;94;60;0,5181;NA;0,7286;0;0,5181;0,7183;0,6104
2020-07-29;"SUL";211;148;10;4;125;105;3;3;63;6;20;0;221;152;69;128;108;20;349;260;89;0,7014;0,4;0,84;1;0,6878;0,8438;0,745
2020-07-30;"CENTRO-LESTE";147;48;20;2;78;51;10;6;99;18;27;4;167;50;117;88;57;31;255;107;148;0,3265;0,1;0,6538;0,6;0,2994;0,6477;0,4196
2020-07-30;"CENTRO-NORTE";55;7;0;0;10;5;0;0;48;0;5;0;55;7;48;10;5;5;65;12;53;0,1273;NA;0,5;NA;0,1273;0,5;0,1846
2020-07-30;"EXTREMO-SUL";20;15;0;0;25;24;0;0;5;0;1;0;20;15;5;25;24;1;45;39;6;0,75;NA;0,96;NA;0,75;0,96;0,8667
2020-07-30;"LESTE";834;500;27;16;713;489;27;16;334;11;224;11;861;516;345;740;505;235;1601;1021;580;0,5995;0,5926;0,6858;0,5926;0,5993;0,6824;0,6377
2020-07-30;"NORDESTE";12;2;0;0;12;4;0;0;10;0;8;0;12;2;10;12;4;8;24;6;18;0,1667;NA;0,3333;NA;0,1667;0,3333;0,25
2020-07-30;"NORTE";95;25;2;0;30;26;0;0;70;2;4;0;97;25;72;30;26;4;127;51;76;0,2632;0;0,8667;NA;0,2577;0,8667;0,4016
2020-07-30;"OESTE";35;27;0;0;50;27;0;0;8;0;23;0;35;27;8;50;27;23;85;54;31;0,7714;NA;0,54;NA;0,7714;0,54;0,6353
2020-07-30;"SUDOESTE";83;52;0;0;70;45;1;0;31;0;25;1;83;52;31;71;45;26;154;97;57;0,6265;NA;0,6429;0;0,6265;0,6338;0,6299
2020-07-30;"SUL";227;146;10;4;132;113;3;1;81;6;19;2;237;150;87;135;114;21;372;264;108;0,6432;0,4;0,8561;0,3333;0,6329;0,8444;0,7097
2020-07-31;"CENTRO-LESTE";147;46;20;7;78;49;10;6;101;13;29;4;167;53;114;88;55;33;255;108;147;0,3129;0,35;0,6282;0,6;0,3174;0,625;0,4235
2020-07-31;"CENTRO-NORTE";55;9;0;0;10;4;0;0;46;0;6;0;55;9;46;10;4;6;65;13;52;0,1636;NA;0,4;NA;0,1636;0,4;0,2
2020-07-31;"EXTREMO-SUL";40;21;0;0;35;32;0;0;19;0;3;0;40;21;19;35;32;3;75;53;22;0,525;NA;0,9143;NA;0,525;0,9143;0,7067
2020-07-31;"LESTE";799;426;27;18;713;506;27;16;373;9;207;11;826;444;382;740;522;218;1566;966;600;0,5332;0,6667;0,7097;0,5926;0,5375;0,7054;0,6169
2020-07-31;"NORDESTE";12;2;0;0;12;5;0;0;10;0;7;0;12;2;10;12;5;7;24;7;17;0,1667;NA;0,4167;NA;0,1667;0,4167;0,2917
2020-07-31;"NORTE";95;26;2;0;30;25;0;0;69;2;5;0;97;26;71;30;25;5;127;51;76;0,2737;0;0,8333;NA;0,268;0,8333;0,4016
2020-07-31;"OESTE";35;28;0;0;50;30;0;0;7;0;20;0;35;28;7;50;30;20;85;58;27;0,8;NA;0,6;NA;0,8;0,6;0,6824
2020-07-31;"SUDOESTE";83;52;0;0;70;51;1;0;31;0;19;1;83;52;31;71;51;20;154;103;51;0,6265;NA;0,7286;0;0,6265;0,7183;0,6688
2020-07-31;"SUL";227;153;10;5;132;115;3;0;74;5;17;3;237;158;79;135;115;20;372;273;99;0,674;0,5;0,8712;0;0,6667;0,8519;0,7339
2020-08-01;"CENTRO-LESTE";147;48;20;5;78;48;10;5;99;15;30;5;167;53;114;88;53;35;255;106;149;0,3265;0,25;0,6154;0,5;0,3174;0,6023;0,4157
2020-08-01;"CENTRO-NORTE";55;5;0;0;10;4;0;0;50;0;6;0;55;5;50;10;4;6;65;9;56;0,0909;NA;0,4;NA;0,0909;0,4;0,1385
2020-08-01;"EXTREMO-SUL";40;18;0;0;35;32;0;0;22;0;3;0;40;18;22;35;32;3;75;50;25;0,45;NA;0,9143;NA;0,45;0,9143;0,6667
2020-08-01;"LESTE";799;433;27;17;713;521;27;17;366;10;192;10;826;450;376;740;538;202;1566;988;578;0,5419;0,6296;0,7307;0,6296;0,5448;0,727;0,6309
2020-08-01;"NORDESTE";12;2;0;0;12;5;0;0;10;0;7;0;12;2;10;12;5;7;24;7;17;0,1667;NA;0,4167;NA;0,1667;0,4167;0,2917
2020-08-01;"NORTE";95;24;2;0;30;24;0;0;71;2;6;0;97;24;73;30;24;6;127;48;79;0,2526;0;0,8;NA;0,2474;0,8;0,378
2020-08-01;"OESTE";46;32;0;0;40;26;0;0;14;0;14;0;46;32;14;40;26;14;86;58;28;0,6957;NA;0,65;NA;0,6957;0,65;0,6744
2020-08-01;"SUDOESTE";83;53;0;0;70;49;1;0;30;0;21;1;83;53;30;71;49;22;154;102;52;0,6386;NA;0,7;0;0,6386;0,6901;0,6623
2020-08-01;"SUL";227;153;10;5;131;118;3;0;74;5;13;3;237;158;79;134;118;16;371;276;95;0,674;0,5;0,9008;0;0,6667;0,8806;0,7439
2020-08-02;"CENTRO-LESTE";147;50;20;4;78;50;10;4;97;16;28;6;167;54;113;88;54;34;255;108;147;0,3401;0,2;0,641;0,4;0,3234;0,6136;0,4235
2020-08-02;"CENTRO-NORTE";55;4;0;0;10;4;0;0;51;0;6;0;55;4;51;10;4;6;65;8;57;0,0727;NA;0,4;NA;0,0727;0,4;0,1231
2020-08-02;"EXTREMO-SUL";40;18;0;0;35;34;0;0;22;0;1;0;40;18;22;35;34;1;75;52;23;0,45;NA;0,9714;NA;0,45;0,9714;0,6933
2020-08-02;"LESTE";799;399;27;16;718;532;27;15;400;11;186;12;826;415;411;745;547;198;1571;962;609;0,4994;0,5926;0,7409;0,5556;0,5024;0,7342;0,6123
2020-08-02;"NORDESTE";12;3;0;0;12;3;0;0;9;0;9;0;12;3;9;12;3;9;24;6;18;0,25;NA;0,25;NA;0,25;0,25;0,25
2020-08-02;"NORTE";95;23;2;0;30;24;0;0;72;2;6;0;97;23;74;30;24;6;127;47;80;0,2421;0;0,8;NA;0,2371;0,8;0,3701
2020-08-02;"OESTE";46;31;0;0;40;25;0;0;15;0;15;0;46;31;15;40;25;15;86;56;30;0,6739;NA;0,625;NA;0,6739;0,625;0,6512
2020-08-02;"SUDOESTE";111;54;0;0;70;48;1;0;57;0;22;1;111;54;57;71;48;23;182;102;80;0,4865;NA;0,6857;0;0,4865;0,6761;0,5604
2020-08-02;"SUL";227;156;10;2;131;115;3;3;71;8;16;0;237;158;79;134;118;16;371;276;95;0,6872;0,2;0,8779;1;0,6667;0,8806;0,7439
2020-08-03;"CENTRO-LESTE";147;46;20;4;88;45;10;3;101;16;43;7;167;50;117;98;48;50;265;98;167;0,3129;0,2;0,5114;0,3;0,2994;0,4898;0,3698
2020-08-03;"CENTRO-NORTE";55;4;0;0;10;5;0;0;51;0;5;0;55;4;51;10;5;5;65;9;56;0,0727;NA;0,5;NA;0,0727;0,5;0,1385
2020-08-03;"EXTREMO-SUL";40;18;0;0;35;34;0;0;22;0;1;0;40;18;22;35;34;1;75;52;23;0,45;NA;0,9714;NA;0,45;0,9714;0,6933
2020-08-03;"LESTE";799;389;27;17;718;506;27;16;410;10;212;11;826;406;420;745;522;223;1571;928;643;0,4869;0,6296;0,7047;0,5926;0,4915;0,7007;0,5907
2020-08-03;"NORDESTE";12;2;0;0;12;3;0;0;10;0;9;0;12;2;10;12;3;9;24;5;19;0,1667;NA;0,25;NA;0,1667;0,25;0,2083
2020-08-03;"NORTE";95;22;2;0;39;23;0;0;73;2;16;0;97;22;75;39;23;16;136;45;91;0,2316;0;0,5897;NA;0,2268;0,5897;0,3309
2020-08-03;"OESTE";46;33;0;0;40;23;0;0;13;0;17;0;46;33;13;40;23;17;86;56;30;0,7174;NA;0,575;NA;0,7174;0,575;0,6512
2020-08-03;"SUDOESTE";106;55;0;0;70;48;1;0;51;0;22;1;106;55;51;71;48;23;177;103;74;0,5189;NA;0,6857;0;0,5189;0,6761;0,5819
2020-08-03;"SUL";227;142;10;3;132;114;3;3;85;7;18;0;237;145;92;135;117;18;372;262;110;0,6256;0,3;0,8636;1;0,6118;0,8667;0,7043
2020-08-04;"CENTRO-LESTE";147;43;20;4;88;36;10;5;104;16;52;5;167;47;120;98;41;57;265;88;177;0,2925;0,2;0,4091;0,5;0,2814;0,4184;0,3321
2020-08-04;"CENTRO-NORTE";55;4;0;0;10;5;0;0;51;0;5;0;55;4;51;10;5;5;65;9;56;0,0727;NA;0,5;NA;0,0727;0,5;0,1385
2020-08-04;"EXTREMO-SUL";40;17;0;0;35;29;0;0;23;0;6;0;40;17;23;35;29;6;75;46;29;0,425;NA;0,8286;NA;0,425;0,8286;0,6133
2020-08-04;"LESTE";799;384;27;16;718;487;27;13;415;11;231;14;826;400;426;745;500;245;1571;900;671;0,4806;0,5926;0,6783;0,4815;0,4843;0,6711;0,5729
2020-08-04;"NORDESTE";12;2;0;0;12;4;0;0;10;0;8;0;12;2;10;12;4;8;24;6;18;0,1667;NA;0,3333;NA;0,1667;0,3333;0,25
2020-08-04;"NORTE";95;20;2;0;39;23;0;0;75;2;16;0;97;20;77;39;23;16;136;43;93;0,2105;0;0,5897;NA;0,2062;0,5897;0,3162
2020-08-04;"OESTE";46;37;0;0;40;22;0;0;9;0;18;0;46;37;9;40;22;18;86;59;27;0,8043;NA;0,55;NA;0,8043;0,55;0,686
2020-08-04;"SUDOESTE";106;54;0;0;70;48;1;0;52;0;22;1;106;54;52;71;48;23;177;102;75;0,5094;NA;0,6857;0;0,5094;0,6761;0,5763
2020-08-04;"SUL";227;147;10;5;132;109;3;1;80;5;23;2;237;152;85;135;110;25;372;262;110;0,6476;0,5;0,8258;0,3333;0,6414;0,8148;0,7043
2020-08-05;"CENTRO-LESTE";147;41;20;9;88;46;10;6;106;11;42;4;167;50;117;98;52;46;265;102;163;0,2789;0,45;0,5227;0,6;0,2994;0,5306;0,3849
2020-08-05;"CENTRO-NORTE";55;9;0;0;10;3;0;0;46;0;7;0;55;9;46;10;3;7;65;12;53;0,1636;NA;0,3;NA;0,1636;0,3;0,1846
2020-08-05;"EXTREMO-SUL";40;17;0;0;35;28;0;0;23;0;7;0;40;17;23;35;28;7;75;45;30;0,425;NA;0,8;NA;0,425;0,8;0,6
2020-08-05;"LESTE";819;383;27;18;718;476;27;14;436;9;242;13;846;401;445;745;490;255;1591;891;700;0,4676;0,6667;0,663;0,5185;0,474;0,6577;0,56
2020-08-05;"NORDESTE";12;3;0;0;12;6;0;0;9;0;6;0;12;3;9;12;6;6;24;9;15;0,25;NA;0,5;NA;0,25;0,5;0,375
2020-08-05;"NORTE";95;17;2;0;39;23;0;0;78;2;16;0;97;17;80;39;23;16;136;40;96;0,1789;0;0,5897;NA;0,1753;0,5897;0,2941
2020-08-05;"OESTE";46;40;0;0;40;21;0;0;6;0;19;0;46;40;6;40;21;19;86;61;25;0,8696;NA;0,525;NA;0,8696;0,525;0,7093
2020-08-05;"SUDOESTE";106;55;0;0;70;53;1;0;51;0;17;1;106;55;51;71;53;18;177;108;69;0,5189;NA;0,7571;0;0,5189;0,7465;0,6102
2020-08-05;"SUL";227;136;10;5;132;112;3;2;91;5;20;1;237;141;96;135;114;21;372;255;117;0,5991;0,5;0,8485;0,6667;0,5949;0,8444;0,6855
2020-08-06;"CENTRO-LESTE";147;38;20;7;88;53;10;5;109;13;35;5;167;45;122;98;58;40;265;103;162;0,2585;0,35;0,6023;0,5;0,2695;0,5918;0,3887
2020-08-06;"CENTRO-NORTE";55;11;0;0;10;3;0;0;44;0;7;0;55;11;44;10;3;7;65;14;51;0,2;NA;0,3;NA;0,2;0,3;0,2154
2020-08-06;"EXTREMO-SUL";40;12;0;0;35;29;0;0;28;0;6;0;40;12;28;35;29;6;75;41;34;0,3;NA;0,8286;NA;0,3;0,8286;0,5467
2020-08-06;"LESTE";819;397;27;21;718;431;27;13;422;6;287;14;846;418;428;745;444;301;1591;862;729;0,4847;0,7778;0,6003;0,4815;0,4941;0,596;0,5418
2020-08-06;"NORDESTE";12;3;0;0;12;8;0;0;9;0;4;0;12;3;9;12;8;4;24;11;13;0,25;NA;0,6667;NA;0,25;0,6667;0,4583
2020-08-06;"NORTE";95;15;2;0;39;26;0;0;80;2;13;0;97;15;82;39;26;13;136;41;95;0,1579;0;0,6667;NA;0,1546;0,6667;0,3015
2020-08-06;"OESTE";46;32;0;0;40;23;0;0;14;0;17;0;46;32;14;40;23;17;86;55;31;0,6957;NA;0,575;NA;0,6957;0,575;0,6395
2020-08-06;"SUDOESTE";106;54;0;0;70;51;1;1;52;0;19;0;106;54;52;71;52;19;177;106;71;0,5094;NA;0,7286;1;0,5094;0,7324;0,5989
2020-08-06;"SUL";227;133;10;1;132;115;3;2;94;9;17;1;237;134;103;135;117;18;372;251;121;0,5859;0,1;0,8712;0,6667;0,5654;0,8667;0,6747
2020-08-07;"CENTRO-LESTE";147;36;20;8;98;62;10;4;111;12;36;6;167;44;123;108;66;42;275;110;165;0,2449;0,4;0,6327;0,4;0,2635;0,6111;0,4
2020-08-07;"CENTRO-NORTE";55;11;0;0;10;3;0;0;44;0;7;0;55;11;44;10;3;7;65;14;51;0,2;NA;0,3;NA;0,2;0,3;0,2154
2020-08-07;"EXTREMO-SUL";40;11;0;0;40;32;0;0;29;0;8;0;40;11;29;40;32;8;80;43;37;0,275;NA;0,8;NA;0,275;0,8;0,5375
2020-08-07;"LESTE";819;384;27;23;718;425;27;10;435;4;293;17;846;407;439;745;435;310;1591;842;749;0,4689;0,8519;0,5919;0,3704;0,4811;0,5839;0,5292
2020-08-07;"NORDESTE";12;1;0;0;12;9;0;0;11;0;3;0;12;1;11;12;9;3;24;10;14;0,0833;NA;0,75;NA;0,0833;0,75;0,4167
2020-08-07;"NORTE";95;20;2;0;39;25;0;0;75;2;14;0;97;20;77;39;25;14;136;45;91;0,2105;0;0,641;NA;0,2062;0,641;0,3309
2020-08-07;"OESTE";46;35;0;0;40;24;0;0;11;0;16;0;46;35;11;40;24;16;86;59;27;0,7609;NA;0,6;NA;0,7609;0,6;0,686
2020-08-07;"SUDOESTE";106;64;0;0;70;43;1;0;42;0;27;1;106;64;42;71;43;28;177;107;70;0,6038;NA;0,6143;0;0,6038;0,6056;0,6045
2020-08-07;"SUL";227;129;10;2;132;117;3;1;98;8;15;2;237;131;106;135;118;17;372;249;123;0,5683;0,2;0,8864;0,3333;0,5527;0,8741;0,6694
2020-08-08;"CENTRO-LESTE";147;33;20;10;98;54;10;3;114;10;44;7;167;43;124;108;57;51;275;100;175;0,2245;0,5;0,551;0,3;0,2575;0,5278;0,3636
2020-08-08;"CENTRO-NORTE";55;11;0;0;10;5;0;0;44;0;5;0;55;11;44;10;5;5;65;16;49;0,2;NA;0,5;NA;0,2;0,5;0,2462
2020-08-08;"EXTREMO-SUL";40;13;0;0;40;32;0;0;27;0;8;0;40;13;27;40;32;8;80;45;35;0,325;NA;0,8;NA;0,325;0,8;0,5625
2020-08-08;"LESTE";819;388;27;23;718;410;27;9;431;4;308;18;846;411;435;745;419;326;1591;830;761;0,4737;0,8519;0,571;0,3333;0,4858;0,5624;0,5217
2020-08-08;"NORDESTE";12;4;0;0;12;6;0;0;8;0;6;0;12;4;8;12;6;6;24;10;14;0,3333;NA;0,5;NA;0,3333;0,5;0,4167
2020-08-08;"NORTE";95;24;2;0;39;25;0;0;71;2;14;0;97;24;73;39;25;14;136;49;87;0,2526;0;0,641;NA;0,2474;0,641;0,3603
2020-08-08;"OESTE";50;36;0;0;40;25;0;0;14;0;15;0;50;36;14;40;25;15;90;61;29;0,72;NA;0,625;NA;0,72;0,625;0,6778
2020-08-08;"SUDOESTE";106;58;0;0;70;47;1;0;48;0;23;1;106;58;48;71;47;24;177;105;72;0,5472;NA;0,6714;0;0,5472;0,662;0,5932
2020-08-08;"SUL";227;139;10;3;132;120;3;0;88;7;12;3;237;142;95;135;120;15;372;262;110;0,6123;0,3;0,9091;0;0,5992;0,8889;0,7043
2020-08-09;"CENTRO-LESTE";147;31;20;8;98;49;10;7;116;12;49;3;167;39;128;108;56;52;275;95;180;0,2109;0,4;0,5;0,7;0,2335;0,5185;0,3455
2020-08-09;"CENTRO-NORTE";55;7;0;0;10;5;0;0;48;0;5;0;55;7;48;10;5;5;65;12;53;0,1273;NA;0,5;NA;0,1273;0,5;0,1846
2020-08-09;"EXTREMO-SUL";40;16;0;0;40;29;0;0;24;0;11;0;40;16;24;40;29;11;80;45;35;0,4;NA;0,725;NA;0,4;0,725;0,5625
2020-08-09;"LESTE";819;378;27;21;718;396;27;12;441;6;322;15;846;399;447;745;408;337;1591;807;784;0,4615;0,7778;0,5515;0,4444;0,4716;0,5477;0,5072
2020-08-09;"NORDESTE";12;6;0;0;12;3;0;0;6;0;9;0;12;6;6;12;3;9;24;9;15;0,5;NA;0,25;NA;0,5;0,25;0,375
2020-08-09;"NORTE";95;22;2;0;39;25;0;0;73;2;14;0;97;22;75;39;25;14;136;47;89;0,2316;0;0,641;NA;0,2268;0,641;0,3456
2020-08-09;"OESTE";50;27;0;0;40;21;0;0;23;0;19;0;50;27;23;40;21;19;90;48;42;0,54;NA;0,525;NA;0,54;0,525;0,5333
2020-08-09;"SUDOESTE";106;59;0;0;70;44;1;0;47;0;26;1;106;59;47;71;44;27;177;103;74;0,5566;NA;0,6286;0;0,5566;0,6197;0,5819
2020-08-09;"SUL";227;139;10;3;132;117;3;0;88;7;15;3;237;142;95;135;117;18;372;259;113;0,6123;0,3;0,8864;0;0,5992;0,8667;0,6962
2020-08-10;"CENTRO-LESTE";147;31;20;10;98;56;10;6;116;10;42;4;167;41;126;108;62;46;275;103;172;0,2109;0,5;0,5714;0,6;0,2455;0,5741;0,3745
2020-08-10;"CENTRO-NORTE";55;8;0;0;10;3;0;0;47;0;7;0;55;8;47;10;3;7;65;11;54;0,1455;NA;0,3;NA;0,1455;0,3;0,1692
2020-08-10;"EXTREMO-SUL";40;17;0;0;50;29;0;0;23;0;21;0;40;17;23;50;29;21;90;46;44;0,425;NA;0,58;NA;0,425;0,58;0,5111
2020-08-10;"LESTE";819;396;27;21;718;416;27;12;423;6;302;15;846;417;429;745;428;317;1591;845;746;0,4835;0,7778;0,5794;0,4444;0,4929;0,5745;0,5311
2020-08-10;"NORDESTE";12;5;0;0;12;8;0;0;7;0;4;0;12;5;7;12;8;4;24;13;11;0,4167;NA;0,6667;NA;0,4167;0,6667;0,5417
2020-08-10;"NORTE";95;16;2;0;39;25;0;0;79;2;14;0;97;16;81;39;25;14;136;41;95;0,1684;0;0,641;NA;0,1649;0,641;0,3015
2020-08-10;"OESTE";50;27;0;0;40;21;0;0;23;0;19;0;50;27;23;40;21;19;90;48;42;0,54;NA;0,525;NA;0,54;0,525;0,5333
2020-08-10;"SUDOESTE";106;55;0;0;70;46;1;0;51;0;24;1;106;55;51;71;46;25;177;101;76;0,5189;NA;0,6571;0;0,5189;0,6479;0,5706
2020-08-10;"SUL";227;127;10;1;132;121;3;2;100;9;11;1;237;128;109;135;123;12;372;251;121;0,5595;0,1;0,9167;0,6667;0,5401;0,9111;0,6747
2020-08-11;"CENTRO-LESTE";147;31;20;10;98;55;10;5;116;10;43;5;167;41;126;108;60;48;275;101;174;0,2109;0,5;0,5612;0,5;0,2455;0,5556;0,3673
2020-08-11;"CENTRO-NORTE";55;10;0;0;10;3;0;0;45;0;7;0;55;10;45;10;3;7;65;13;52;0,1818;NA;0,3;NA;0,1818;0,3;0,2
2020-08-11;"EXTREMO-SUL";40;16;0;0;50;29;0;0;24;0;21;0;40;16;24;50;29;21;90;45;45;0,4;NA;0,58;NA;0,4;0,58;0,5
2020-08-11;"LESTE";819;410;27;19;718;414;27;12;409;8;304;15;846;429;417;745;426;319;1591;855;736;0,5006;0,7037;0,5766;0,4444;0,5071;0,5718;0,5374
2020-08-11;"NORDESTE";12;4;0;0;12;6;0;0;8;0;6;0;12;4;8;12;6;6;24;10;14;0,3333;NA;0,5;NA;0,3333;0,5;0,4167
2020-08-11;"NORTE";95;20;2;0;39;26;0;0;75;2;13;0;97;20;77;39;26;13;136;46;90;0,2105;0;0,6667;NA;0,2062;0,6667;0,3382
2020-08-11;"OESTE";50;26;0;0;40;20;0;0;24;0;20;0;50;26;24;40;20;20;90;46;44;0,52;NA;0,5;NA;0,52;0,5;0,5111
2020-08-11;"SUDOESTE";106;57;0;0;70;46;1;0;49;0;24;1;106;57;49;71;46;25;177;103;74;0,5377;NA;0,6571;0;0,5377;0,6479;0,5819
2020-08-11;"SUL";227;145;10;1;132;113;3;1;82;9;19;2;237;146;91;135;114;21;372;260;112;0,6388;0,1;0,8561;0,3333;0,616;0,8444;0,6989
2020-08-12;"CENTRO-LESTE";147;31;20;12;98;57;10;5;116;8;41;5;167;43;124;108;62;46;275;105;170;0,2109;0,6;0,5816;0,5;0,2575;0,5741;0,3818
2020-08-12;"CENTRO-NORTE";55;13;0;0;10;3;0;0;42;0;7;0;55;13;42;10;3;7;65;16;49;0,2364;NA;0,3;NA;0,2364;0,3;0,2462
2020-08-12;"EXTREMO-SUL";40;16;0;0;50;31;0;0;24;0;19;0;40;16;24;50;31;19;90;47;43;0,4;NA;0,62;NA;0,4;0,62;0,5222
2020-08-12;"LESTE";819;400;27;17;718;414;27;11;419;10;304;16;846;417;429;745;425;320;1591;842;749;0,4884;0,6296;0,5766;0,4074;0,4929;0,5705;0,5292
2020-08-12;"NORDESTE";12;6;0;0;12;3;0;0;6;0;9;0;12;6;6;12;3;9;24;9;15;0,5;NA;0,25;NA;0,5;0,25;0,375
2020-08-12;"NORTE";95;18;2;0;39;28;0;0;77;2;11;0;97;18;79;39;28;11;136;46;90;0,1895;0;0,7179;NA;0,1856;0,7179;0,3382
2020-08-12;"OESTE";63;28;0;0;40;21;0;0;35;0;19;0;63;28;35;40;21;19;103;49;54;0,4444;NA;0,525;NA;0,4444;0,525;0,4757
2020-08-12;"SUDOESTE";106;39;0;0;70;45;1;0;67;0;25;1;106;39;67;71;45;26;177;84;93;0,3679;NA;0,6429;0;0,3679;0,6338;0,4746
2020-08-12;"SUL";227;151;10;1;132;117;3;2;76;9;15;1;237;152;85;135;119;16;372;271;101;0,6652;0,1;0,8864;0,6667;0,6414;0,8815;0,7285
2020-08-13;"CENTRO-LESTE";147;34;20;12;98;60;10;5;113;8;38;5;167;46;121;108;65;43;275;111;164;0,2313;0,6;0,6122;0,5;0,2754;0,6019;0,4036
2020-08-13;"CENTRO-NORTE";55;13;0;0;10;2;0;0;42;0;8;0;55;13;42;10;2;8;65;15;50;0,2364;NA;0,2;NA;0,2364;0,2;0,2308
2020-08-13;"EXTREMO-SUL";40;19;0;0;50;33;0;0;21;0;17;0;40;19;21;50;33;17;90;52;38;0,475;NA;0,66;NA;0,475;0,66;0,5778
2020-08-13;"LESTE";819;398;27;19;718;432;27;12;421;8;286;15;846;417;429;745;444;301;1591;861;730;0,486;0,7037;0,6017;0,4444;0,4929;0,596;0,5412
2020-08-13;"NORDESTE";12;6;0;0;12;4;0;0;6;0;8;0;12;6;6;12;4;8;24;10;14;0,5;NA;0,3333;NA;0,5;0,3333;0,4167
2020-08-13;"NORTE";95;19;2;0;39;30;0;0;76;2;9;0;97;19;78;39;30;9;136;49;87;0,2;0;0,7692;NA;0,1959;0,7692;0,3603
2020-08-13;"OESTE";63;34;0;0;40;22;0;0;29;0;18;0;63;34;29;40;22;18;103;56;47;0,5397;NA;0,55;NA;0,5397;0,55;0,5437
2020-08-13;"SUDOESTE";106;49;0;0;70;47;1;0;57;0;23;1;106;49;57;71;47;24;177;96;81;0,4623;NA;0,6714;0;0,4623;0,662;0,5424
2020-08-13;"SUL";227;151;10;2;132;115;3;0;76;8;17;3;237;153;84;135;115;20;372;268;104;0,6652;0,2;0,8712;0;0,6456;0,8519;0,7204
2020-08-14;"CENTRO-LESTE";147;38;20;11;98;61;10;6;109;9;37;4;167;49;118;108;67;41;275;116;159;0,2585;0,55;0,6224;0,6;0,2934;0,6204;0,4218
2020-08-14;"CENTRO-NORTE";55;11;0;0;10;2;0;0;44;0;8;0;55;11;44;10;2;8;65;13;52;0,2;NA;0,2;NA;0,2;0,2;0,2
2020-08-14;"EXTREMO-SUL";40;19;0;0;50;34;0;0;21;0;16;0;40;19;21;50;34;16;90;53;37;0,475;NA;0,68;NA;0,475;0,68;0,5889
2020-08-14;"LESTE";819;385;27;20;718;432;27;10;434;7;286;17;846;405;441;745;442;303;1591;847;744;0,4701;0,7407;0,6017;0,3704;0,4787;0,5933;0,5324
2020-08-14;"NORDESTE";12;5;0;0;12;5;0;0;7;0;7;0;12;5;7;12;5;7;24;10;14;0,4167;NA;0,4167;NA;0,4167;0,4167;0,4167
2020-08-14;"NORTE";95;20;2;0;39;29;0;0;75;2;10;0;97;20;77;39;29;10;136;49;87;0,2105;0;0,7436;NA;0,2062;0,7436;0,3603
2020-08-14;"OESTE";63;33;0;0;40;22;0;0;30;0;18;0;63;33;30;40;22;18;103;55;48;0,5238;NA;0,55;NA;0,5238;0,55;0,534
2020-08-14;"SUDOESTE";106;57;0;0;70;53;1;0;49;0;17;1;106;57;49;71;53;18;177;110;67;0,5377;NA;0,7571;0;0,5377;0,7465;0,6215
2020-08-14;"SUL";227;158;10;2;132;121;3;1;69;8;11;2;237;160;77;135;122;13;372;282;90;0,696;0,2;0,9167;0,3333;0,6751;0,9037;0,7581
2020-08-15;"CENTRO-LESTE";147;38;20;8;98;60;10;5;109;12;38;5;167;46;121;108;65;43;275;111;164;0,2585;0,4;0,6122;0,5;0,2754;0,6019;0,4036
2020-08-15;"CENTRO-NORTE";55;10;0;0;10;2;0;0;45;0;8;0;55;10;45;10;2;8;65;12;53;0,1818;NA;0,2;NA;0,1818;0,2;0,1846
2020-08-15;"EXTREMO-SUL";40;18;0;0;50;39;0;0;22;0;11;0;40;18;22;50;39;11;90;57;33;0,45;NA;0,78;NA;0,45;0,78;0,6333
2020-08-15;"LESTE";819;391;27;20;718;412;27;10;428;7;306;17;846;411;435;745;422;323;1591;833;758;0,4774;0,7407;0,5738;0,3704;0,4858;0,5664;0,5236
2020-08-15;"NORDESTE";12;4;0;0;12;3;0;0;8;0;9;0;12;4;8;12;3;9;24;7;17;0,3333;NA;0,25;NA;0,3333;0,25;0,2917
2020-08-15;"NORTE";95;21;2;0;39;29;0;0;74;2;10;0;97;21;76;39;29;10;136;50;86;0,2211;0;0,7436;NA;0,2165;0,7436;0,3676
2020-08-15;"OESTE";63;33;0;0;40;26;0;0;30;0;14;0;63;33;30;40;26;14;103;59;44;0,5238;NA;0,65;NA;0,5238;0,65;0,5728
2020-08-15;"SUDOESTE";106;47;0;0;70;52;1;0;59;0;18;1;106;47;59;71;52;19;177;99;78;0,4434;NA;0,7429;0;0,4434;0,7324;0,5593
2020-08-15;"SUL";227;160;10;2;132;117;3;0;67;8;15;3;237;162;75;135;117;18;372;279;93;0,7048;0,2;0,8864;0;0,6835;0,8667;0,75
2020-08-16;"CENTRO-LESTE";147;41;20;11;98;55;10;3;106;9;43;7;167;52;115;108;58;50;275;110;165;0,2789;0,55;0,5612;0,3;0,3114;0,537;0,4
2020-08-16;"CENTRO-NORTE";55;9;0;0;10;2;0;0;46;0;8;0;55;9;46;10;2;8;65;11;54;0,1636;NA;0,2;NA;0,1636;0,2;0,1692
2020-08-16;"EXTREMO-SUL";40;16;0;0;50;39;0;0;24;0;11;0;40;16;24;50;39;11;90;55;35;0,4;NA;0,78;NA;0,4;0,78;0,6111
2020-08-16;"LESTE";819;383;27;20;718;408;27;9;436;7;310;18;846;403;443;745;417;328;1591;820;771;0,4676;0,7407;0,5682;0,3333;0,4764;0,5597;0,5154
2020-08-16;"NORDESTE";12;4;0;0;12;2;0;0;8;0;10;0;12;4;8;12;2;10;24;6;18;0,3333;NA;0,1667;NA;0,3333;0,1667;0,25
2020-08-16;"NORTE";95;20;2;0;39;27;0;0;75;2;12;0;97;20;77;39;27;12;136;47;89;0,2105;0;0,6923;NA;0,2062;0,6923;0,3456
2020-08-16;"OESTE";63;36;0;0;40;28;0;0;27;0;12;0;63;36;27;40;28;12;103;64;39;0,5714;NA;0,7;NA;0,5714;0,7;0,6214
2020-08-16;"SUDOESTE";106;49;0;0;70;50;1;0;57;0;20;1;106;49;57;71;50;21;177;99;78;0,4623;NA;0,7143;0;0,4623;0,7042;0,5593
2020-08-16;"SUL";227;167;10;4;132;114;3;0;60;6;18;3;237;171;66;135;114;21;372;285;87;0,7357;0,4;0,8636;0;0,7215;0,8444;0,7661
2020-08-17;"CENTRO-LESTE";147;36;20;9;98;55;10;5;111;11;43;5;167;45;122;108;60;48;275;105;170;0,2449;0,45;0,5612;0,5;0,2695;0,5556;0,3818
2020-08-17;"CENTRO-NORTE";55;8;0;0;10;2;0;0;47;0;8;0;55;8;47;10;2;8;65;10;55;0,1455;NA;0,2;NA;0,1455;0,2;0,1538
2020-08-17;"EXTREMO-SUL";40;17;0;0;50;37;0;0;23;0;13;0;40;17;23;50;37;13;90;54;36;0,425;NA;0,74;NA;0,425;0,74;0,6
2020-08-17;"LESTE";819;408;27;18;718;399;27;10;411;9;319;17;846;426;420;745;409;336;1591;835;756;0,4982;0,6667;0,5557;0,3704;0,5035;0,549;0,5248
2020-08-17;"NORDESTE";12;4;0;0;12;3;0;0;8;0;9;0;12;4;8;12;3;9;24;7;17;0,3333;NA;0,25;NA;0,3333;0,25;0,2917
2020-08-17;"NORTE";95;24;2;0;39;26;0;0;71;2;13;0;97;24;73;39;26;13;136;50;86;0,2526;0;0,6667;NA;0,2474;0,6667;0,3676
2020-08-17;"OESTE";63;39;0;0;40;21;0;0;24;0;19;0;63;39;24;40;21;19;103;60;43;0,619;NA;0,525;NA;0,619;0,525;0,5825
2020-08-17;"SUDOESTE";106;57;0;0;70;44;1;0;49;0;26;1;106;57;49;71;44;27;177;101;76;0,5377;NA;0,6286;0;0,5377;0,6197;0,5706
2020-08-17;"SUL";227;145;10;5;132;107;3;3;82;5;25;0;237;150;87;135;110;25;372;260;112;0,6388;0,5;0,8106;1;0,6329;0,8148;0,6989
2020-08-18;"CENTRO-LESTE";147;39;20;11;98;59;10;5;108;9;39;5;167;50;117;108;64;44;275;114;161;0,2653;0,55;0,602;0,5;0,2994;0,5926;0,4145
2020-08-18;"CENTRO-NORTE";55;10;0;0;10;2;0;0;45;0;8;0;55;10;45;10;2;8;65;12;53;0,1818;NA;0,2;NA;0,1818;0,2;0,1846
2020-08-18;"EXTREMO-SUL";40;15;0;0;50;37;0;0;25;0;13;0;40;15;25;50;37;13;90;52;38;0,375;NA;0,74;NA;0,375;0,74;0,5778
2020-08-18;"LESTE";819;419;27;18;718;393;27;10;400;9;325;17;846;437;409;745;403;342;1591;840;751;0,5116;0,6667;0,5474;0,3704;0,5165;0,5409;0,528
2020-08-18;"NORDESTE";12;3;0;0;12;6;0;0;9;0;6;0;12;3;9;12;6;6;24;9;15;0,25;NA;0,5;NA;0,25;0,5;0,375
2020-08-18;"NORTE";95;20;2;0;39;28;0;0;75;2;11;0;97;20;77;39;28;11;136;48;88;0,2105;0;0,7179;NA;0,2062;0,7179;0,3529
2020-08-18;"OESTE";63;35;0;0;40;27;0;0;28;0;13;0;63;35;28;40;27;13;103;62;41;0,5556;NA;0,675;NA;0,5556;0,675;0,6019
2020-08-18;"SUDOESTE";106;45;0;0;70;46;1;0;61;0;24;1;106;45;61;71;46;25;177;91;86;0,4245;NA;0,6571;0;0,4245;0,6479;0,5141
2020-08-18;"SUL";227;147;10;4;132;111;3;3;80;6;21;0;237;151;86;135;114;21;372;265;107;0,6476;0,4;0,8409;1;0,6371;0,8444;0,7124
2020-08-19;"CENTRO-LESTE";147;35;20;12;98;57;10;3;112;8;41;7;167;47;120;108;60;48;275;107;168;0,2381;0,6;0,5816;0,3;0,2814;0,5556;0,3891
2020-08-19;"CENTRO-NORTE";55;10;0;0;10;1;0;0;45;0;9;0;55;10;45;10;1;9;65;11;54;0,1818;NA;0,1;NA;0,1818;0,1;0,1692
2020-08-19;"EXTREMO-SUL";40;15;0;0;50;36;0;0;25;0;14;0;40;15;25;50;36;14;90;51;39;0,375;NA;0,72;NA;0,375;0,72;0,5667
2020-08-19;"LESTE";819;419;27;17;718;394;27;11;400;10;324;16;846;436;410;745;405;340;1591;841;750;0,5116;0,6296;0,5487;0,4074;0,5154;0,5436;0,5286
2020-08-19;"NORDESTE";12;4;0;0;12;3;0;0;8;0;9;0;12;4;8;12;3;9;24;7;17;0,3333;NA;0,25;NA;0,3333;0,25;0,2917
2020-08-19;"NORTE";103;19;2;0;49;35;0;0;84;2;14;0;105;19;86;49;35;14;154;54;100;0,1845;0;0,7143;NA;0,181;0,7143;0,3506
2020-08-19;"OESTE";63;35;0;0;40;27;0;0;28;0;13;0;63;35;28;40;27;13;103;62;41;0,5556;NA;0,675;NA;0,5556;0,675;0,6019
2020-08-19;"SUDOESTE";106;46;0;0;70;46;1;0;60;0;24;1;106;46;60;71;46;25;177;92;85;0,434;NA;0,6571;0;0,434;0,6479;0,5198
2020-08-19;"SUL";227;137;10;5;132;107;3;3;90;5;25;0;237;142;95;135;110;25;372;252;120;0,6035;0,5;0,8106;1;0,5992;0,8148;0,6774
2020-08-20;"CENTRO-LESTE";147;43;20;11;98;58;10;3;104;9;40;7;167;54;113;108;61;47;275;115;160;0,2925;0,55;0,5918;0,3;0,3234;0,5648;0,4182
2020-08-20;"CENTRO-NORTE";55;13;0;0;10;1;0;0;42;0;9;0;55;13;42;10;1;9;65;14;51;0,2364;NA;0,1;NA;0,2364;0,1;0,2154
2020-08-20;"EXTREMO-SUL";40;21;0;0;50;35;0;0;19;0;15;0;40;21;19;50;35;15;90;56;34;0,525;NA;0,7;NA;0,525;0,7;0,6222
2020-08-20;"LESTE";819;429;27;21;718;387;27;12;390;6;331;15;846;450;396;745;399;346;1591;849;742;0,5238;0,7778;0,539;0,4444;0,5319;0,5356;0,5336
2020-08-20;"NORDESTE";12;4;0;0;12;5;0;0;8;0;7;0;12;4;8;12;5;7;24;9;15;0,3333;NA;0,4167;NA;0,3333;0,4167;0,375
2020-08-20;"NORTE";103;22;2;0;49;37;0;0;81;2;12;0;105;22;83;49;37;12;154;59;95;0,2136;0;0,7551;NA;0,2095;0,7551;0,3831
2020-08-20;"OESTE";63;39;0;0;40;28;0;0;24;0;12;0;63;39;24;40;28;12;103;67;36;0,619;NA;0,7;NA;0,619;0,7;0,6505
2020-08-20;"SUDOESTE";106;46;0;0;70;47;1;0;60;0;23;1;106;46;60;71;47;24;177;93;84;0,434;NA;0,6714;0;0,434;0,662;0,5254
2020-08-20;"SUL";227;145;10;7;132;110;3;1;82;3;22;2;237;152;85;135;111;24;372;263;109;0,6388;0,7;0,8333;0,3333;0,6414;0,8222;0,707
2020-08-21;"CENTRO-LESTE";147;49;20;7;98;67;10;4;98;13;31;6;167;56;111;108;71;37;275;127;148;0,3333;0,35;0,6837;0,4;0,3353;0,6574;0,4618
2020-08-21;"CENTRO-NORTE";55;13;0;0;10;1;0;0;42;0;9;0;55;13;42;10;1;9;65;14;51;0,2364;NA;0,1;NA;0,2364;0,1;0,2154
2020-08-21;"EXTREMO-SUL";40;23;0;0;50;34;0;0;17;0;16;0;40;23;17;50;34;16;90;57;33;0,575;NA;0,68;NA;0,575;0,68;0,6333
2020-08-21;"LESTE";819;437;27;17;718;380;27;12;382;10;338;15;846;454;392;745;392;353;1591;846;745;0,5336;0,6296;0,5292;0,4444;0,5366;0,5262;0,5317
2020-08-21;"NORDESTE";12;4;0;0;12;5;0;0;8;0;7;0;12;4;8;12;5;7;24;9;15;0,3333;NA;0,4167;NA;0,3333;0,4167;0,375
2020-08-21;"NORTE";103;23;2;0;59;34;0;0;80;2;25;0;105;23;82;59;34;25;164;57;107;0,2233;0;0,5763;NA;0,219;0,5763;0,3476
2020-08-21;"OESTE";63;39;0;0;40;26;0;0;24;0;14;0;63;39;24;40;26;14;103;65;38;0,619;NA;0,65;NA;0,619;0,65;0,6311
2020-08-21;"SUDOESTE";106;44;0;0;70;53;1;1;62;0;17;0;106;44;62;71;54;17;177;98;79;0,4151;NA;0,7571;1;0,4151;0,7606;0,5537
2020-08-21;"SUL";196;134;10;5;123;104;3;1;62;5;19;2;206;139;67;126;105;21;332;244;88;0,6837;0,5;0,8455;0,3333;0,6748;0,8333;0,7349
2020-08-22;"CENTRO-LESTE";147;53;20;8;98;66;10;5;94;12;32;5;167;61;106;108;71;37;275;132;143;0,3605;0,4;0,6735;0,5;0,3653;0,6574;0,48
2020-08-22;"CENTRO-NORTE";55;9;0;0;10;0;0;0;46;0;10;0;55;9;46;10;0;10;65;9;56;0,1636;NA;0;NA;0,1636;0;0,1385
2020-08-22;"EXTREMO-SUL";40;18;0;0;50;29;0;0;22;0;21;0;40;18;22;50;29;21;90;47;43;0,45;NA;0,58;NA;0,45;0,58;0,5222
2020-08-22;"LESTE";819;413;27;20;718;369;27;8;406;7;349;19;846;433;413;745;377;368;1591;810;781;0,5043;0,7407;0,5139;0,2963;0,5118;0,506;0,5091
2020-08-22;"NORDESTE";12;4;0;0;12;5;0;0;8;0;7;0;12;4;8;12;5;7;24;9;15;0,3333;NA;0,4167;NA;0,3333;0,4167;0,375
2020-08-22;"NORTE";103;22;2;0;59;35;0;0;81;2;24;0;105;22;83;59;35;24;164;57;107;0,2136;0;0,5932;NA;0,2095;0,5932;0,3476
2020-08-22;"OESTE";63;33;0;0;40;32;0;0;30;0;8;0;63;33;30;40;32;8;103;65;38;0,5238;NA;0,8;NA;0,5238;0,8;0,6311
2020-08-22;"SUDOESTE";106;47;0;0;70;48;1;1;59;0;22;0;106;47;59;71;49;22;177;96;81;0,4434;NA;0,6857;1;0,4434;0,6901;0,5424
2020-08-22;"SUL";196;139;10;5;125;97;3;1;57;5;28;2;206;144;62;128;98;30;334;242;92;0,7092;0,5;0,776;0,3333;0,699;0,7656;0,7246
2020-08-23;"CENTRO-LESTE";147;56;20;7;98;64;10;5;91;13;34;5;167;63;104;108;69;39;275;132;143;0,381;0,35;0,6531;0,5;0,3772;0,6389;0,48
2020-08-23;"CENTRO-NORTE";55;6;0;0;10;1;0;0;49;0;9;0;55;6;49;10;1;9;65;7;58;0,1091;NA;0,1;NA;0,1091;0,1;0,1077
2020-08-23;"EXTREMO-SUL";40;21;0;0;50;29;0;0;19;0;21;0;40;21;19;50;29;21;90;50;40;0,525;NA;0,58;NA;0,525;0,58;0,5556
2020-08-23;"LESTE";819;396;27;19;718;387;27;9;423;8;331;18;846;415;431;745;396;349;1591;811;780;0,4835;0,7037;0,539;0,3333;0,4905;0,5315;0,5097
2020-08-23;"NORDESTE";12;6;0;0;12;5;0;0;6;0;7;0;12;6;6;12;5;7;24;11;13;0,5;NA;0,4167;NA;0,5;0,4167;0,4583
2020-08-23;"NORTE";103;21;2;0;59;33;0;0;82;2;26;0;105;21;84;59;33;26;164;54;110;0,2039;0;0,5593;NA;0,2;0,5593;0,3293
2020-08-23;"OESTE";63;35;0;0;40;31;0;0;28;0;9;0;63;35;28;40;31;9;103;66;37;0,5556;NA;0,775;NA;0,5556;0,775;0,6408
2020-08-23;"SUDOESTE";106;46;0;0;70;49;1;1;60;0;21;0;106;46;60;71;50;21;177;96;81;0,434;NA;0,7;1;0,434;0,7042;0,5424
2020-08-23;"SUL";196;143;10;5;125;98;3;1;53;5;27;2;206;148;58;128;99;29;334;247;87;0,7296;0,5;0,784;0,3333;0,7184;0,7734;0,7395
2020-08-24;"CENTRO-LESTE";147;51;20;8;98;58;10;6;96;12;40;4;167;59;108;108;64;44;275;123;152;0,3469;0,4;0,5918;0,6;0,3533;0,5926;0,4473
2020-08-24;"CENTRO-NORTE";55;4;0;0;10;2;0;0;51;0;8;0;55;4;51;10;2;8;65;6;59;0,0727;NA;0,2;NA;0,0727;0,2;0,0923
2020-08-24;"EXTREMO-SUL";40;20;0;0;50;26;0;0;20;0;24;0;40;20;20;50;26;24;90;46;44;0,5;NA;0,52;NA;0,5;0,52;0,5111
2020-08-24;"LESTE";819;386;27;16;723;390;27;10;433;11;333;17;846;402;444;750;400;350;1596;802;794;0,4713;0,5926;0,5394;0,3704;0,4752;0,5333;0,5025
2020-08-24;"NORDESTE";12;5;0;0;12;6;0;0;7;0;6;0;12;5;7;12;6;6;24;11;13;0,4167;NA;0,5;NA;0,4167;0,5;0,4583
2020-08-24;"NORTE";105;27;2;0;59;34;0;0;78;2;25;0;107;27;80;59;34;25;166;61;105;0,2571;0;0,5763;NA;0,2523;0,5763;0,3675
2020-08-24;"OESTE";63;39;0;0;40;30;0;0;24;0;10;0;63;39;24;40;30;10;103;69;34;0,619;NA;0,75;NA;0,619;0,75;0,6699
2020-08-24;"SUDOESTE";106;54;0;0;70;46;1;0;52;0;24;1;106;54;52;71;46;25;177;100;77;0,5094;NA;0,6571;0;0,5094;0,6479;0,565
2020-08-24;"SUL";227;132;10;3;127;109;3;1;95;7;18;2;237;135;102;130;110;20;367;245;122;0,5815;0,3;0,8583;0,3333;0,5696;0,8462;0,6676
2020-08-25;"CENTRO-LESTE";147;54;20;9;98;58;10;5;93;11;40;5;167;63;104;108;63;45;275;126;149;0,3673;0,45;0,5918;0,5;0,3772;0,5833;0,4582
2020-08-25;"CENTRO-NORTE";55;7;0;0;10;4;0;0;48;0;6;0;55;7;48;10;4;6;65;11;54;0,1273;NA;0,4;NA;0,1273;0,4;0,1692
2020-08-25;"EXTREMO-SUL";40;22;0;0;50;30;0;0;18;0;20;0;40;22;18;50;30;20;90;52;38;0,55;NA;0,6;NA;0,55;0,6;0,5778
2020-08-25;"LESTE";839;390;27;17;723;369;27;12;449;10;354;15;866;407;459;750;381;369;1616;788;828;0,4648;0,6296;0,5104;0,4444;0,47;0,508;0,4876
2020-08-25;"NORDESTE";12;5;0;0;12;6;0;0;7;0;6;0;12;5;7;12;6;6;24;11;13;0,4167;NA;0,5;NA;0,4167;0,5;0,4583
2020-08-25;"NORTE";105;26;2;0;59;31;0;0;79;2;28;0;107;26;81;59;31;28;166;57;109;0,2476;0;0,5254;NA;0,243;0,5254;0,3434
2020-08-25;"OESTE";61;29;0;0;40;33;0;0;32;0;7;0;61;29;32;40;33;7;101;62;39;0,4754;NA;0,825;NA;0,4754;0,825;0,6139
2020-08-25;"SUDOESTE";106;46;0;0;70;44;1;0;60;0;26;1;106;46;60;71;44;27;177;90;87;0,434;NA;0,6286;0;0,434;0,6197;0,5085
2020-08-25;"SUL";227;132;10;2;126;107;3;2;95;8;19;1;237;134;103;129;109;20;366;243;123;0,5815;0,2;0,8492;0,6667;0,5654;0,845;0,6639
2020-08-26;"CENTRO-LESTE";147;52;20;9;98;62;10;5;95;11;36;5;167;61;106;108;67;41;275;128;147;0,3537;0,45;0,6327;0,5;0,3653;0,6204;0,4655
2020-08-26;"CENTRO-NORTE";55;6;0;0;10;3;0;0;49;0;7;0;55;6;49;10;3;7;65;9;56;0,1091;NA;0,3;NA;0,1091;0,3;0,1385
2020-08-26;"EXTREMO-SUL";40;20;0;0;50;30;0;0;20;0;20;0;40;20;20;50;30;20;90;50;40;0,5;NA;0,6;NA;0,5;0,6;0,5556
2020-08-26;"LESTE";839;399;27;15;723;374;27;12;440;12;349;15;866;414;452;750;386;364;1616;800;816;0,4756;0,5556;0,5173;0,4444;0,4781;0,5147;0,495
2020-08-26;"NORDESTE";12;3;0;0;12;2;0;0;9;0;10;0;12;3;9;12;2;10;24;5;19;0,25;NA;0,1667;NA;0,25;0,1667;0,2083
2020-08-26;"NORTE";105;27;2;0;59;27;0;0;78;2;32;0;107;27;80;59;27;32;166;54;112;0,2571;0;0,4576;NA;0,2523;0,4576;0,3253
2020-08-26;"OESTE";61;28;0;0;40;27;0;0;33;0;13;0;61;28;33;40;27;13;101;55;46;0,459;NA;0,675;NA;0,459;0,675;0,5446
2020-08-26;"SUDOESTE";106;39;0;0;70;43;1;0;67;0;27;1;106;39;67;71;43;28;177;82;95;0,3679;NA;0,6143;0;0,3679;0,6056;0,4633
2020-08-26;"SUL";227;136;10;4;134;100;3;3;91;6;34;0;237;140;97;137;103;34;374;243;131;0,5991;0,4;0,7463;1;0,5907;0,7518;0,6497
2020-08-27;"CENTRO-LESTE";147;43;20;7;98;60;10;3;104;13;38;7;167;50;117;108;63;45;275;113;162;0,2925;0,35;0,6122;0,3;0,2994;0,5833;0,4109
2020-08-27;"CENTRO-NORTE";55;6;0;0;10;3;0;0;49;0;7;0;55;6;49;10;3;7;65;9;56;0,1091;NA;0,3;NA;0,1091;0,3;0,1385
2020-08-27;"EXTREMO-SUL";40;20;0;0;50;34;0;0;20;0;16;0;40;20;20;50;34;16;90;54;36;0,5;NA;0,68;NA;0,5;0,68;0,6
2020-08-27;"LESTE";839;396;27;20;723;368;27;11;443;7;355;16;866;416;450;750;379;371;1616;795;821;0,472;0,7407;0,509;0,4074;0,4804;0,5053;0,492
2020-08-27;"NORDESTE";12;3;0;0;12;4;0;0;9;0;8;0;12;3;9;12;4;8;24;7;17;0,25;NA;0,3333;NA;0,25;0,3333;0,2917
2020-08-27;"NORTE";105;28;2;0;59;25;0;0;77;2;34;0;107;28;79;59;25;34;166;53;113;0,2667;0;0,4237;NA;0,2617;0,4237;0,3193
2020-08-27;"OESTE";61;28;0;0;40;27;0;0;33;0;13;0;61;28;33;40;27;13;101;55;46;0,459;NA;0,675;NA;0,459;0,675;0,5446
2020-08-27;"SUDOESTE";106;34;0;0;70;44;1;0;72;0;26;1;106;34;72;71;44;27;177;78;99;0,3208;NA;0,6286;0;0,3208;0,6197;0,4407
2020-08-27;"SUL";227;129;10;2;134;103;3;2;98;8;31;1;237;131;106;137;105;32;374;236;138;0,5683;0,2;0,7687;0,6667;0,5527;0,7664;0,631
2020-08-28;"CENTRO-LESTE";147;46;20;6;98;66;10;3;101;14;32;7;167;52;115;108;69;39;275;121;154;0,3129;0,3;0,6735;0,3;0,3114;0,6389;0,44
2020-08-28;"CENTRO-NORTE";55;5;0;0;10;3;0;0;50;0;7;0;55;5;50;10;3;7;65;8;57;0,0909;NA;0,3;NA;0,0909;0,3;0,1231
2020-08-28;"EXTREMO-SUL";40;20;0;0;50;32;0;0;20;0;18;0;40;20;20;50;32;18;90;52;38;0,5;NA;0,64;NA;0,5;0,64;0,5778
2020-08-28;"LESTE";859;356;27;20;723;379;27;17;503;7;344;10;886;376;510;750;396;354;1636;772;864;0,4144;0,7407;0,5242;0,6296;0,4244;0,528;0,4719
2020-08-28;"NORDESTE";12;2;0;0;12;8;0;0;10;0;4;0;12;2;10;12;8;4;24;10;14;0,1667;NA;0,6667;NA;0,1667;0,6667;0,4167
2020-08-28;"NORTE";105;22;2;0;59;26;0;0;83;2;33;0;107;22;85;59;26;33;166;48;118;0,2095;0;0,4407;NA;0,2056;0,4407;0,2892
2020-08-28;"OESTE";61;25;0;0;40;28;0;0;36;0;12;0;61;25;36;40;28;12;101;53;48;0,4098;NA;0,7;NA;0,4098;0,7;0,5248
2020-08-28;"SUDOESTE";106;38;0;0;70;41;1;0;68;0;29;1;106;38;68;71;41;30;177;79;98;0,3585;NA;0,5857;0;0,3585;0,5775;0,4463
2020-08-28;"SUL";227;143;10;1;134;102;3;3;84;9;32;0;237;144;93;137;105;32;374;249;125;0,63;0,1;0,7612;1;0,6076;0,7664;0,6658
2020-08-29;"CENTRO-LESTE";147;49;20;6;98;55;10;4;98;14;43;6;167;55;112;108;59;49;275;114;161;0,3333;0,3;0,5612;0,4;0,3293;0,5463;0,4145
2020-08-29;"CENTRO-NORTE";55;6;0;0;10;3;0;0;49;0;7;0;55;6;49;10;3;7;65;9;56;0,1091;NA;0,3;NA;0,1091;0,3;0,1385
2020-08-29;"EXTREMO-SUL";40;19;0;0;50;33;0;0;21;0;17;0;40;19;21;50;33;17;90;52;38;0,475;NA;0,66;NA;0,475;0,66;0,5778
2020-08-29;"LESTE";859;360;27;15;723;406;27;13;499;12;317;14;886;375;511;750;419;331;1636;794;842;0,4191;0,5556;0,5615;0,4815;0,4233;0,5587;0,4853
2020-08-29;"NORDESTE";12;2;0;0;12;8;0;0;10;0;4;0;12;2;10;12;8;4;24;10;14;0,1667;NA;0,6667;NA;0,1667;0,6667;0,4167
2020-08-29;"NORTE";105;23;2;0;59;25;0;0;82;2;34;0;107;23;84;59;25;34;166;48;118;0,219;0;0,4237;NA;0,215;0,4237;0,2892
2020-08-29;"OESTE";61;23;0;0;40;26;0;0;38;0;14;0;61;23;38;40;26;14;101;49;52;0,377;NA;0,65;NA;0,377;0,65;0,4851
2020-08-29;"SUDOESTE";106;45;0;0;70;40;1;0;61;0;30;1;106;45;61;71;40;31;177;85;92;0,4245;NA;0,5714;0;0,4245;0,5634;0,4802
2020-08-29;"SUL";227;126;10;2;134;103;3;2;101;8;31;1;237;128;109;137;105;32;374;233;141;0,5551;0,2;0,7687;0,6667;0,5401;0,7664;0,623
2020-08-30;"CENTRO-LESTE";147;48;20;6;98;53;10;8;99;14;45;2;167;54;113;108;61;47;275;115;160;0,3265;0,3;0,5408;0,8;0,3234;0,5648;0,4182
2020-08-30;"CENTRO-NORTE";55;7;0;0;10;3;0;0;48;0;7;0;55;7;48;10;3;7;65;10;55;0,1273;NA;0,3;NA;0,1273;0,3;0,1538
2020-08-30;"EXTREMO-SUL";40;20;0;0;50;30;0;0;20;0;20;0;40;20;20;50;30;20;90;50;40;0,5;NA;0,6;NA;0,5;0,6;0,5556
2020-08-30;"LESTE";859;345;27;14;723;377;27;12;514;13;346;15;886;359;527;750;389;361;1636;748;888;0,4016;0,5185;0,5214;0,4444;0,4052;0,5187;0,4572
2020-08-30;"NORDESTE";12;2;0;0;12;8;0;0;10;0;4;0;12;2;10;12;8;4;24;10;14;0,1667;NA;0,6667;NA;0,1667;0,6667;0,4167
2020-08-30;"NORTE";105;18;2;0;59;24;0;0;87;2;35;0;107;18;89;59;24;35;166;42;124;0,1714;0;0,4068;NA;0,1682;0,4068;0,253
2020-08-30;"OESTE";61;27;0;0;40;27;0;0;34;0;13;0;61;27;34;40;27;13;101;54;47;0,4426;NA;0,675;NA;0,4426;0,675;0,5347
2020-08-30;"SUDOESTE";106;50;0;0;70;46;1;0;56;0;24;1;106;50;56;71;46;25;177;96;81;0,4717;NA;0,6571;0;0,4717;0,6479;0,5424
2020-08-30;"SUL";227;136;10;2;134;107;3;3;91;8;27;0;237;138;99;137;110;27;374;248;126;0,5991;0,2;0,7985;1;0,5823;0,8029;0,6631
2020-08-31;"CENTRO-LESTE";147;46;20;7;98;51;10;7;101;13;47;3;167;53;114;108;58;50;275;111;164;0,3129;0,35;0,5204;0,7;0,3174;0,537;0,4036
2020-08-31;"CENTRO-NORTE";55;7;0;0;10;3;0;0;48;0;7;0;55;7;48;10;3;7;65;10;55;0,1273;NA;0,3;NA;0,1273;0,3;0,1538
2020-08-31;"EXTREMO-SUL";40;21;0;0;50;29;0;0;19;0;21;0;40;21;19;50;29;21;90;50;40;0,525;NA;0,58;NA;0,525;0,58;0,5556
2020-08-31;"LESTE";859;362;27;13;723;360;27;12;497;14;363;15;886;375;511;750;372;378;1636;747;889;0,4214;0,4815;0,4979;0,4444;0,4233;0,496;0,4566
2020-08-31;"NORDESTE";12;3;0;0;12;3;0;0;9;0;9;0;12;3;9;12;3;9;24;6;18;0,25;NA;0,25;NA;0,25;0,25;0,25
2020-08-31;"NORTE";105;14;2;0;59;23;0;0;91;2;36;0;107;14;93;59;23;36;166;37;129;0,1333;0;0,3898;NA;0,1308;0,3898;0,2229
2020-08-31;"OESTE";61;29;0;0;40;29;0;0;32;0;11;0;61;29;32;40;29;11;101;58;43;0,4754;NA;0,725;NA;0,4754;0,725;0,5743
2020-08-31;"SUDOESTE";106;56;0;0;70;45;1;0;50;0;25;1;106;56;50;71;45;26;177;101;76;0,5283;NA;0,6429;0;0,5283;0,6338;0,5706
2020-08-31;"SUL";227;125;10;1;134;107;3;2;102;9;27;1;237;126;111;137;109;28;374;235;139;0,5507;0,1;0,7985;0,6667;0,5316;0,7956;0,6283
2020-09-01;"CENTRO-LESTE";147;41;20;10;98;53;10;6;106;10;45;4;167;51;116;108;59;49;275;110;165;0,2789;0,5;0,5408;0,6;0,3054;0,5463;0,4
2020-09-01;"CENTRO-NORTE";55;4;0;0;10;3;0;0;51;0;7;0;55;4;51;10;3;7;65;7;58;0,0727;NA;0,3;NA;0,0727;0,3;0,1077
2020-09-01;"EXTREMO-SUL";40;17;0;0;50;28;0;0;23;0;22;0;40;17;23;50;28;22;90;45;45;0,425;NA;0,56;NA;0,425;0,56;0,5
2020-09-01;"LESTE";859;356;27;17;723;348;27;10;503;10;375;17;886;373;513;750;358;392;1636;731;905;0,4144;0,6296;0,4813;0,3704;0,421;0,4773;0,4468
2020-09-01;"NORDESTE";12;2;0;0;12;3;0;0;10;0;9;0;12;2;10;12;3;9;24;5;19;0,1667;NA;0,25;NA;0,1667;0,25;0,2083
2020-09-01;"NORTE";89;12;0;0;59;22;0;0;77;0;37;0;89;12;77;59;22;37;148;34;114;0,1348;NA;0,3729;NA;0,1348;0,3729;0,2297
2020-09-01;"OESTE";61;28;0;0;40;25;0;0;33;0;15;0;61;28;33;40;25;15;101;53;48;0,459;NA;0,625;NA;0,459;0,625;0,5248
2020-09-01;"SUDOESTE";106;50;0;0;70;41;1;0;56;0;29;1;106;50;56;71;41;30;177;91;86;0,4717;NA;0,5857;0;0,4717;0,5775;0,5141
2020-09-01;"SUL";227;135;10;0;134;111;3;2;92;10;23;1;237;135;102;137;113;24;374;248;126;0,5947;0;0,8284;0,6667;0,5696;0,8248;0,6631
2020-09-02;"CENTRO-LESTE";114;40;0;0;88;47;0;0;74;0;41;0;114;40;74;88;47;41;202;87;115;0,3509;NA;0,5341;NA;0,3509;0,5341;0,4307
2020-09-02;"CENTRO-NORTE";55;3;0;0;10;4;0;0;52;0;6;0;55;3;52;10;4;6;65;7;58;0,0545;NA;0,4;NA;0,0545;0,4;0,1077
2020-09-02;"EXTREMO-SUL";40;21;0;0;50;33;0;0;19;0;17;0;40;21;19;50;33;17;90;54;36;0,525;NA;0,66;NA;0,525;0,66;0,6
2020-09-02;"LESTE";854;331;27;15;718;336;27;10;523;12;382;17;881;346;535;745;346;399;1626;692;934;0,3876;0,5556;0,468;0,3704;0,3927;0,4644;0,4256
2020-09-02;"NORDESTE";12;1;0;0;12;4;0;0;11;0;8;0;12;1;11;12;4;8;24;5;19;0,0833;NA;0,3333;NA;0,0833;0,3333;0,2083
2020-09-02;"NORTE";89;16;0;0;59;22;0;0;73;0;37;0;89;16;73;59;22;37;148;38;110;0,1798;NA;0,3729;NA;0,1798;0,3729;0,2568
2020-09-02;"OESTE";61;31;0;0;40;22;0;0;30;0;18;0;61;31;30;40;22;18;101;53;48;0,5082;NA;0,55;NA;0,5082;0,55;0,5248
2020-09-02;"SUDOESTE";106;42;0;0;70;42;1;1;64;0;28;0;106;42;64;71;43;28;177;85;92;0,3962;NA;0,6;1;0,3962;0,6056;0,4802
2020-09-02;"SUL";227;144;10;0;134;110;3;3;83;10;24;0;237;144;93;137;113;24;374;257;117;0,6344;0;0,8209;1;0,6076;0,8248;0,6872
2020-09-03;"CENTRO-LESTE";114;39;0;0;88;47;0;0;75;0;41;0;114;39;75;88;47;41;202;86;116;0,3421;NA;0,5341;NA;0,3421;0,5341;0,4257
2020-09-03;"CENTRO-NORTE";55;3;0;0;10;4;0;0;52;0;6;0;55;3;52;10;4;6;65;7;58;0,0545;NA;0,4;NA;0,0545;0,4;0,1077
2020-09-03;"EXTREMO-SUL";40;17;0;0;50;30;0;0;23;0;20;0;40;17;23;50;30;20;90;47;43;0,425;NA;0,6;NA;0,425;0,6;0,5222
2020-09-03;"LESTE";744;288;27;12;718;337;27;14;456;15;381;13;771;300;471;745;351;394;1516;651;865;0,3871;0,4444;0,4694;0,5185;0,3891;0,4711;0,4294
2020-09-03;"NORDESTE";12;1;0;0;12;4;0;0;11;0;8;0;12;1;11;12;4;8;24;5;19;0,0833;NA;0,3333;NA;0,0833;0,3333;0,2083
2020-09-03;"NORTE";69;13;0;0;49;19;0;0;56;0;30;0;69;13;56;49;19;30;118;32;86;0,1884;NA;0,3878;NA;0,1884;0,3878;0,2712
2020-09-03;"OESTE";61;23;0;0;40;21;0;0;38;0;19;0;61;23;38;40;21;19;101;44;57;0,377;NA;0,525;NA;0,377;0,525;0,4356
2020-09-03;"SUDOESTE";106;46;0;0;70;44;1;0;60;0;26;1;106;46;60;71;44;27;177;90;87;0,434;NA;0,6286;0;0,434;0,6197;0,5085
2020-09-03;"SUL";227;140;10;0;134;110;3;3;87;10;24;0;237;140;97;137;113;24;374;253;121;0,6167;0;0,8209;1;0,5907;0,8248;0,6765
2020-09-04;"CENTRO-LESTE";114;39;0;0;88;46;0;0;75;0;42;0;114;39;75;88;46;42;202;85;117;0,3421;NA;0,5227;NA;0,3421;0,5227;0,4208
2020-09-04;"CENTRO-NORTE";55;4;0;0;10;5;0;0;51;0;5;0;55;4;51;10;5;5;65;9;56;0,0727;NA;0,5;NA;0,0727;0,5;0,1385
2020-09-04;"EXTREMO-SUL";40;18;0;0;50;33;0;0;22;0;17;0;40;18;22;50;33;17;90;51;39;0,45;NA;0,66;NA;0,45;0,66;0,5667
2020-09-04;"LESTE";744;264;27;12;718;327;27;13;480;15;391;14;771;276;495;745;340;405;1516;616;900;0,3548;0,4444;0,4554;0,4815;0,358;0,4564;0,4063
2020-09-04;"NORDESTE";12;1;0;0;12;3;0;0;11;0;9;0;12;1;11;12;3;9;24;4;20;0,0833;NA;0,25;NA;0,0833;0,25;0,1667
2020-09-04;"NORTE";69;10;0;0;49;21;0;0;59;0;28;0;69;10;59;49;21;28;118;31;87;0,1449;NA;0,4286;NA;0,1449;0,4286;0,2627
2020-09-04;"OESTE";61;16;0;0;40;24;0;0;45;0;16;0;61;16;45;40;24;16;101;40;61;0,2623;NA;0,6;NA;0,2623;0,6;0,396
2020-09-04;"SUDOESTE";106;45;0;0;70;40;1;0;61;0;30;1;106;45;61;71;40;31;177;85;92;0,4245;NA;0,5714;0;0,4245;0,5634;0,4802
2020-09-04;"SUL";227;134;10;0;134;112;3;3;93;10;22;0;237;134;103;137;115;22;374;249;125;0,5903;0;0,8358;1;0,5654;0,8394;0,6658
2020-09-05;"CENTRO-LESTE";114;37;0;0;88;48;0;0;77;0;40;0;114;37;77;88;48;40;202;85;117;0,3246;NA;0,5455;NA;0,3246;0,5455;0,4208
2020-09-05;"CENTRO-NORTE";55;2;0;0;10;7;0;0;53;0;3;0;55;2;53;10;7;3;65;9;56;0,0364;NA;0,7;NA;0,0364;0,7;0,1385
2020-09-05;"EXTREMO-SUL";40;15;0;0;50;34;0;0;25;0;16;0;40;15;25;50;34;16;90;49;41;0,375;NA;0,68;NA;0,375;0,68;0,5444
2020-09-05;"LESTE";744;275;27;16;718;311;27;14;469;11;407;13;771;291;480;745;325;420;1516;616;900;0,3696;0,5926;0,4331;0,5185;0,3774;0,4362;0,4063
2020-09-05;"NORDESTE";12;1;0;0;12;3;0;0;11;0;9;0;12;1;11;12;3;9;24;4;20;0,0833;NA;0,25;NA;0,0833;0,25;0,1667
2020-09-05;"NORTE";69;14;0;0;49;21;0;0;55;0;28;0;69;14;55;49;21;28;118;35;83;0,2029;NA;0,4286;NA;0,2029;0,4286;0,2966
2020-09-05;"OESTE";61;15;0;0;40;24;0;0;46;0;16;0;61;15;46;40;24;16;101;39;62;0,2459;NA;0,6;NA;0,2459;0,6;0,3861
2020-09-05;"SUDOESTE";106;44;0;0;70;41;1;0;62;0;29;1;106;44;62;71;41;30;177;85;92;0,4151;NA;0,5857;0;0,4151;0,5775;0,4802
2020-09-05;"SUL";227;135;10;0;134;110;3;2;92;10;24;1;237;135;102;137;112;25;374;247;127;0,5947;0;0,8209;0,6667;0,5696;0,8175;0,6604
2020-09-06;"CENTRO-LESTE";114;34;0;0;88;48;0;0;80;0;40;0;114;34;80;88;48;40;202;82;120;0,2982;NA;0,5455;NA;0,2982;0,5455;0,4059
2020-09-06;"CENTRO-NORTE";55;2;0;0;10;7;0;0;53;0;3;0;55;2;53;10;7;3;65;9;56;0,0364;NA;0,7;NA;0,0364;0,7;0,1385
2020-09-06;"EXTREMO-SUL";40;20;0;0;50;33;0;0;20;0;17;0;40;20;20;50;33;17;90;53;37;0,5;NA;0,66;NA;0,5;0,66;0,5889
2020-09-06;"LESTE";744;277;27;14;718;300;27;16;467;13;418;11;771;291;480;745;316;429;1516;607;909;0,3723;0,5185;0,4178;0,5926;0,3774;0,4242;0,4004
2020-09-06;"NORDESTE";12;2;0;0;12;2;0;0;10;0;10;0;12;2;10;12;2;10;24;4;20;0,1667;NA;0,1667;NA;0,1667;0,1667;0,1667
2020-09-06;"NORTE";69;13;0;0;49;23;0;0;56;0;26;0;69;13;56;49;23;26;118;36;82;0,1884;NA;0,4694;NA;0,1884;0,4694;0,3051
2020-09-06;"OESTE";61;18;0;0;40;21;0;0;43;0;19;0;61;18;43;40;21;19;101;39;62;0,2951;NA;0,525;NA;0,2951;0,525;0,3861
2020-09-06;"SUDOESTE";106;49;0;0;70;41;1;0;57;0;29;1;106;49;57;71;41;30;177;90;87;0,4623;NA;0,5857;0;0,4623;0,5775;0,5085
2020-09-06;"SUL";227;117;10;1;134;106;3;1;110;9;28;2;237;118;119;137;107;30;374;225;149;0,5154;0,1;0,791;0,3333;0,4979;0,781;0,6016
2020-09-07;"CENTRO-LESTE";114;36;0;0;88;47;0;0;78;0;41;0;114;36;78;88;47;41;202;83;119;0,3158;NA;0,5341;NA;0,3158;0,5341;0,4109
2020-09-07;"CENTRO-NORTE";55;1;0;0;10;8;0;0;54;0;2;0;55;1;54;10;8;2;65;9;56;0,0182;NA;0,8;NA;0,0182;0,8;0,1385
2020-09-07;"EXTREMO-SUL";40;20;0;0;50;28;0;0;20;0;22;0;40;20;20;50;28;22;90;48;42;0,5;NA;0,56;NA;0,5;0,56;0,5333
2020-09-07;"LESTE";744;292;27;14;718;290;27;13;452;13;428;14;771;306;465;745;303;442;1516;609;907;0,3925;0,5185;0,4039;0,4815;0,3969;0,4067;0,4017
2020-09-07;"NORDESTE";12;2;0;0;12;5;0;0;10;0;7;0;12;2;10;12;5;7;24;7;17;0,1667;NA;0,4167;NA;0,1667;0,4167;0,2917
2020-09-07;"NORTE";69;12;0;0;49;23;0;0;57;0;26;0;69;12;57;49;23;26;118;35;83;0,1739;NA;0,4694;NA;0,1739;0,4694;0,2966
2020-09-07;"OESTE";61;20;0;0;40;20;0;0;41;0;20;0;61;20;41;40;20;20;101;40;61;0,3279;NA;0,5;NA;0,3279;0,5;0,396
2020-09-07;"SUDOESTE";106;45;0;0;70;47;1;1;61;0;23;0;106;45;61;71;48;23;177;93;84;0,4245;NA;0,6714;1;0,4245;0,6761;0,5254
2020-09-07;"SUL";227;121;10;1;134;103;3;1;106;9;31;2;237;122;115;137;104;33;374;226;148;0,533;0,1;0,7687;0,3333;0,5148;0,7591;0,6043
2020-09-08;"CENTRO-LESTE";114;36;0;0;88;59;0;0;78;0;29;0;114;36;78;88;59;29;202;95;107;0,3158;NA;0,6705;NA;0,3158;0,6705;0,4703
2020-09-08;"CENTRO-NORTE";55;0;0;0;10;8;0;0;55;0;2;0;55;0;55;10;8;2;65;8;57;0;NA;0,8;NA;0;0,8;0,1231
2020-09-08;"EXTREMO-SUL";40;15;0;0;50;29;0;0;25;0;21;0;40;15;25;50;29;21;90;44;46;0,375;NA;0,58;NA;0,375;0,58;0,4889
2020-09-08;"LESTE";744;283;27;13;718;278;27;11;461;14;440;16;771;296;475;745;289;456;1516;585;931;0,3804;0,4815;0,3872;0,4074;0,3839;0,3879;0,3859
2020-09-08;"NORDESTE";12;1;0;0;12;3;0;0;11;0;9;0;12;1;11;12;3;9;24;4;20;0,0833;NA;0,25;NA;0,0833;0,25;0,1667
2020-09-08;"NORTE";69;18;0;0;49;19;0;0;51;0;30;0;69;18;51;49;19;30;118;37;81;0,2609;NA;0,3878;NA;0,2609;0,3878;0,3136
2020-09-08;"OESTE";61;18;0;0;40;22;0;0;43;0;18;0;61;18;43;40;22;18;101;40;61;0,2951;NA;0,55;NA;0,2951;0,55;0,396
2020-09-08;"SUDOESTE";106;48;0;0;70;41;1;1;58;0;29;0;106;48;58;71;42;29;177;90;87;0,4528;NA;0,5857;1;0,4528;0,5915;0,5085
2020-09-08;"SUL";227;123;10;2;134;95;3;2;104;8;39;1;237;125;112;137;97;40;374;222;152;0,5419;0,2;0,709;0,6667;0,5274;0,708;0,5936
2020-09-09;"CENTRO-LESTE";114;37;0;0;88;58;0;0;77;0;30;0;114;37;77;88;58;30;202;95;107;0,3246;NA;0,6591;NA;0,3246;0,6591;0,4703
2020-09-09;"CENTRO-NORTE";55;2;0;0;10;8;0;0;53;0;2;0;55;2;53;10;8;2;65;10;55;0,0364;NA;0,8;NA;0,0364;0,8;0,1538
2020-09-09;"EXTREMO-SUL";40;18;0;0;50;30;0;0;22;0;20;0;40;18;22;50;30;20;90;48;42;0,45;NA;0,6;NA;0,45;0,6;0,5333
2020-09-09;"LESTE";744;284;27;11;718;296;27;14;460;16;422;13;771;295;476;745;310;435;1516;605;911;0,3817;0,4074;0,4123;0,5185;0,3826;0,4161;0,3991
2020-09-09;"NORDESTE";12;2;0;0;12;2;0;0;10;0;10;0;12;2;10;12;2;10;24;4;20;0,1667;NA;0,1667;NA;0,1667;0,1667;0,1667
2020-09-09;"NORTE";69;17;0;0;49;23;0;0;52;0;26;0;69;17;52;49;23;26;118;40;78;0,2464;NA;0,4694;NA;0,2464;0,4694;0,339
2020-09-09;"OESTE";61;19;0;0;40;20;0;0;42;0;20;0;61;19;42;40;20;20;101;39;62;0,3115;NA;0,5;NA;0,3115;0,5;0,3861
2020-09-09;"SUDOESTE";106;44;0;0;70;44;1;1;62;0;26;0;106;44;62;71;45;26;177;89;88;0,4151;NA;0,6286;1;0,4151;0,6338;0,5028
2020-09-09;"SUL";227;120;10;2;134;103;3;3;107;8;31;0;237;122;115;137;106;31;374;228;146;0,5286;0,2;0,7687;1;0,5148;0,7737;0,6096
2020-09-10;"CENTRO-LESTE";114;40;0;0;88;56;0;0;74;0;32;0;114;40;74;88;56;32;202;96;106;0,3509;NA;0,6364;NA;0,3509;0,6364;0,4752
2020-09-10;"CENTRO-NORTE";55;3;0;0;10;8;0;0;52;0;2;0;55;3;52;10;8;2;65;11;54;0,0545;NA;0,8;NA;0,0545;0,8;0,1692
2020-09-10;"EXTREMO-SUL";40;13;0;0;50;29;0;0;27;0;21;0;40;13;27;50;29;21;90;42;48;0,325;NA;0,58;NA;0,325;0,58;0,4667
2020-09-10;"LESTE";744;276;27;14;718;291;27;14;468;13;427;13;771;290;481;745;305;440;1516;595;921;0,371;0,5185;0,4053;0,5185;0,3761;0,4094;0,3925
2020-09-10;"NORDESTE";12;2;0;0;12;2;0;0;10;0;10;0;12;2;10;12;2;10;24;4;20;0,1667;NA;0,1667;NA;0,1667;0,1667;0,1667
2020-09-10;"NORTE";69;15;0;0;49;26;0;0;54;0;23;0;69;15;54;49;26;23;118;41;77;0,2174;NA;0,5306;NA;0,2174;0,5306;0,3475
2020-09-10;"OESTE";61;20;0;0;40;18;0;0;41;0;22;0;61;20;41;40;18;22;101;38;63;0,3279;NA;0,45;NA;0,3279;0,45;0,3762
2020-09-10;"SUDOESTE";106;45;0;0;70;45;1;1;61;0;25;0;106;45;61;71;46;25;177;91;86;0,4245;NA;0,6429;1;0,4245;0,6479;0,5141
2020-09-10;"SUL";227;121;10;3;134;100;3;3;106;7;34;0;237;124;113;137;103;34;374;227;147;0,533;0,3;0,7463;1;0,5232;0,7518;0,607
2020-09-11;"CENTRO-LESTE";114;45;0;0;88;58;0;0;69;0;30;0;114;45;69;88;58;30;202;103;99;0,3947;NA;0,6591;NA;0,3947;0,6591;0,5099
2020-09-11;"CENTRO-NORTE";55;2;0;0;10;8;0;0;53;0;2;0;55;2;53;10;8;2;65;10;55;0,0364;NA;0,8;NA;0,0364;0,8;0,1538
2020-09-11;"EXTREMO-SUL";40;13;0;0;50;27;0;0;27;0;23;0;40;13;27;50;27;23;90;40;50;0,325;NA;0,54;NA;0,325;0,54;0,4444
2020-09-11;"LESTE";744;276;27;17;718;278;27;17;468;10;440;10;771;293;478;745;295;450;1516;588;928;0,371;0,6296;0,3872;0,6296;0,38;0,396;0,3879
2020-09-11;"NORDESTE";12;2;0;0;12;4;0;0;10;0;8;0;12;2;10;12;4;8;24;6;18;0,1667;NA;0,3333;NA;0,1667;0,3333;0,25
2020-09-11;"NORTE";69;13;0;0;49;27;0;0;56;0;22;0;69;13;56;49;27;22;118;40;78;0,1884;NA;0,551;NA;0,1884;0,551;0,339
2020-09-11;"OESTE";61;24;0;0;40;19;0;0;37;0;21;0;61;24;37;40;19;21;101;43;58;0,3934;NA;0,475;NA;0,3934;0,475;0,4257
2020-09-11;"SUDOESTE";106;41;0;0;70;48;1;1;65;0;22;0;106;41;65;71;49;22;177;90;87;0,3868;NA;0,6857;1;0,3868;0,6901;0,5085
2020-09-11;"SUL";227;123;10;4;134;104;3;2;104;6;30;1;237;127;110;137;106;31;374;233;141;0,5419;0,4;0,7761;0,6667;0,5359;0,7737;0,623
2020-09-12;"CENTRO-LESTE";114;43;0;0;88;64;0;0;71;0;24;0;114;43;71;88;64;24;202;107;95;0,3772;NA;0,7273;NA;0,3772;0,7273;0,5297
2020-09-12;"CENTRO-NORTE";55;2;0;0;10;6;0;0;53;0;4;0;55;2;53;10;6;4;65;8;57;0,0364;NA;0,6;NA;0,0364;0,6;0,1231
2020-09-12;"EXTREMO-SUL";40;12;0;0;50;27;0;0;28;0;23;0;40;12;28;50;27;23;90;39;51;0,3;NA;0,54;NA;0,3;0,54;0,4333
2020-09-12;"LESTE";744;268;27;19;718;288;27;17;476;8;430;10;771;287;484;745;305;440;1516;592;924;0,3602;0,7037;0,4011;0,6296;0,3722;0,4094;0,3905
2020-09-12;"NORDESTE";12;1;0;0;12;5;0;0;11;0;7;0;12;1;11;12;5;7;24;6;18;0,0833;NA;0,4167;NA;0,0833;0,4167;0,25
2020-09-12;"NORTE";69;13;0;0;49;25;0;0;56;0;24;0;69;13;56;49;25;24;118;38;80;0,1884;NA;0,5102;NA;0,1884;0,5102;0,322
2020-09-12;"OESTE";61;27;0;0;40;19;0;0;34;0;21;0;61;27;34;40;19;21;101;46;55;0,4426;NA;0,475;NA;0,4426;0,475;0,4554
2020-09-12;"SUDOESTE";106;50;0;0;70;51;1;1;56;0;19;0;106;50;56;71;52;19;177;102;75;0,4717;NA;0,7286;1;0,4717;0,7324;0,5763
2020-09-12;"SUL";227;129;10;3;134;103;3;2;98;7;31;1;237;132;105;137;105;32;374;237;137;0,5683;0,3;0,7687;0,6667;0,557;0,7664;0,6337
2020-09-13;"CENTRO-LESTE";114;35;0;0;93;51;0;0;79;0;42;0;114;35;79;93;51;42;207;86;121;0,307;NA;0,5484;NA;0,307;0,5484;0,4155
2020-09-13;"CENTRO-NORTE";55;2;0;0;10;6;0;0;53;0;4;0;55;2;53;10;6;4;65;8;57;0,0364;NA;0,6;NA;0,0364;0,6;0,1231
2020-09-13;"EXTREMO-SUL";40;11;0;0;50;29;0;0;29;0;21;0;40;11;29;50;29;21;90;40;50;0,275;NA;0,58;NA;0,275;0,58;0,4444
2020-09-13;"LESTE";744;252;27;19;718;290;27;17;492;8;428;10;771;271;500;745;307;438;1516;578;938;0,3387;0,7037;0,4039;0,6296;0,3515;0,4121;0,3813
2020-09-13;"NORDESTE";12;1;0;0;12;5;0;0;11;0;7;0;12;1;11;12;5;7;24;6;18;0,0833;NA;0,4167;NA;0,0833;0,4167;0,25
2020-09-13;"NORTE";69;12;0;0;49;21;0;0;57;0;28;0;69;12;57;49;21;28;118;33;85;0,1739;NA;0,4286;NA;0,1739;0,4286;0,2797
2020-09-13;"OESTE";61;23;0;0;40;16;0;0;38;0;24;0;61;23;38;40;16;24;101;39;62;0,377;NA;0,4;NA;0,377;0,4;0,3861
2020-09-13;"SUDOESTE";106;48;0;0;70;53;1;1;58;0;17;0;106;48;58;71;54;17;177;102;75;0,4528;NA;0,7571;1;0,4528;0,7606;0,5763
2020-09-13;"SUL";227;128;10;3;134;99;3;2;99;7;35;1;237;131;106;137;101;36;374;232;142;0,5639;0,3;0,7388;0,6667;0,5527;0,7372;0,6203
2020-09-14;"CENTRO-LESTE";114;33;0;0;93;52;0;0;81;0;41;0;114;33;81;93;52;41;207;85;122;0,2895;NA;0,5591;NA;0,2895;0,5591;0,4106
2020-09-14;"CENTRO-NORTE";55;2;0;0;10;8;0;0;53;0;2;0;55;2;53;10;8;2;65;10;55;0,0364;NA;0,8;NA;0,0364;0,8;0,1538
2020-09-14;"EXTREMO-SUL";40;13;0;0;55;34;0;0;27;0;21;0;40;13;27;55;34;21;95;47;48;0,325;NA;0,6182;NA;0,325;0,6182;0,4947
2020-09-14;"LESTE";744;250;27;17;718;285;27;14;494;10;433;13;771;267;504;745;299;446;1516;566;950;0,336;0,6296;0,3969;0,5185;0,3463;0,4013;0,3734
2020-09-14;"NORDESTE";12;2;0;0;12;4;0;0;10;0;8;0;12;2;10;12;4;8;24;6;18;0,1667;NA;0,3333;NA;0,1667;0,3333;0,25
2020-09-14;"NORTE";69;10;0;0;49;20;0;0;59;0;29;0;69;10;59;49;20;29;118;30;88;0,1449;NA;0,4082;NA;0,1449;0,4082;0,2542
2020-09-14;"OESTE";61;23;0;0;40;21;0;0;38;0;19;0;61;23;38;40;21;19;101;44;57;0,377;NA;0,525;NA;0,377;0,525;0,4356
2020-09-14;"SUDOESTE";106;50;0;0;70;53;1;1;56;0;17;0;106;50;56;71;54;17;177;104;73;0,4717;NA;0,7571;1;0,4717;0,7606;0,5876
2020-09-14;"SUL";227;107;10;8;134;102;3;0;120;2;32;3;237;115;122;137;102;35;374;217;157;0,4714;0,8;0,7612;0;0,4852;0,7445;0,5802
2020-09-15;"CENTRO-LESTE";114;37;0;0;93;48;0;0;77;0;45;0;114;37;77;93;48;45;207;85;122;0,3246;NA;0,5161;NA;0,3246;0,5161;0,4106
2020-09-15;"CENTRO-NORTE";55;2;0;0;10;8;0;0;53;0;2;0;55;2;53;10;8;2;65;10;55;0,0364;NA;0,8;NA;0,0364;0,8;0,1538
2020-09-15;"EXTREMO-SUL";40;13;0;0;55;40;0;0;27;0;15;0;40;13;27;55;40;15;95;53;42;0,325;NA;0,7273;NA;0,325;0,7273;0,5579
2020-09-15;"LESTE";744;258;27;16;718;279;27;22;486;11;439;5;771;274;497;745;301;444;1516;575;941;0,3468;0,5926;0,3886;0,8148;0,3554;0,404;0,3793
2020-09-15;"NORDESTE";12;4;0;0;12;4;0;0;8;0;8;0;12;4;8;12;4;8;24;8;16;0,3333;NA;0,3333;NA;0,3333;0,3333;0,3333
2020-09-15;"NORTE";69;9;0;0;49;19;0;0;60;0;30;0;69;9;60;49;19;30;118;28;90;0,1304;NA;0,3878;NA;0,1304;0,3878;0,2373
2020-09-15;"OESTE";61;15;0;0;40;18;0;0;46;0;22;0;61;15;46;40;18;22;101;33;68;0,2459;NA;0,45;NA;0,2459;0,45;0,3267
2020-09-15;"SUDOESTE";106;49;0;0;70;54;1;1;57;0;16;0;106;49;57;71;55;16;177;104;73;0,4623;NA;0,7714;1;0,4623;0,7746;0,5876
2020-09-15;"SUL";227;102;10;1;134;90;3;3;125;9;44;0;237;103;134;137;93;44;374;196;178;0,4493;0,1;0,6716;1;0,4346;0,6788;0,5241
2020-09-16;"CENTRO-LESTE";114;35;0;0;93;54;0;0;79;0;39;0;114;35;79;93;54;39;207;89;118;0,307;NA;0,5806;NA;0,307;0,5806;0,43
2020-09-16;"CENTRO-NORTE";55;5;0;0;10;6;0;0;50;0;4;0;55;5;50;10;6;4;65;11;54;0,0909;NA;0,6;NA;0,0909;0,6;0,1692
2020-09-16;"EXTREMO-SUL";40;12;0;0;55;41;0;0;28;0;14;0;40;12;28;55;41;14;95;53;42;0,3;NA;0,7455;NA;0,3;0,7455;0,5579
2020-09-16;"LESTE";684;253;27;19;639;284;27;16;431;8;355;11;711;272;439;666;300;366;1377;572;805;0,3699;0,7037;0,4444;0,5926;0,3826;0,4505;0,4154
2020-09-16;"NORDESTE";12;4;0;0;12;6;0;0;8;0;6;0;12;4;8;12;6;6;24;10;14;0,3333;NA;0,5;NA;0,3333;0,5;0,4167
2020-09-16;"NORTE";69;10;0;0;49;22;0;0;59;0;27;0;69;10;59;49;22;27;118;32;86;0,1449;NA;0,449;NA;0,1449;0,449;0,2712
2020-09-16;"OESTE";61;25;0;0;40;19;0;0;36;0;21;0;61;25;36;40;19;21;101;44;57;0,4098;NA;0,475;NA;0,4098;0,475;0,4356
2020-09-16;"SUDOESTE";106;46;0;0;70;48;1;1;60;0;22;0;106;46;60;71;49;22;177;95;82;0,434;NA;0,6857;1;0,434;0,6901;0,5367
2020-09-16;"SUL";227;108;10;1;134;81;3;3;119;9;53;0;237;109;128;137;84;53;374;193;181;0,4758;0,1;0,6045;1;0,4599;0,6131;0,516
2020-09-17;"CENTRO-LESTE";114;38;0;0;93;50;0;0;76;0;43;0;114;38;76;93;50;43;207;88;119;0,3333;NA;0,5376;NA;0,3333;0,5376;0,4251
2020-09-17;"CENTRO-NORTE";55;5;0;0;10;6;0;0;50;0;4;0;55;5;50;10;6;4;65;11;54;0,0909;NA;0,6;NA;0,0909;0,6;0,1692
2020-09-17;"EXTREMO-SUL";40;18;0;0;55;34;0;0;22;0;21;0;40;18;22;55;34;21;95;52;43;0,45;NA;0,6182;NA;0,45;0,6182;0,5474
2020-09-17;"LESTE";579;259;27;22;599;276;27;13;320;5;323;14;606;281;325;626;289;337;1232;570;662;0,4473;0,8148;0,4608;0,4815;0,4637;0,4617;0,4627
2020-09-17;"NORDESTE";12;6;0;0;12;3;0;0;6;0;9;0;12;6;6;12;3;9;24;9;15;0,5;NA;0,25;NA;0,5;0,25;0,375
2020-09-17;"NORTE";69;11;2;0;49;22;0;0;58;2;27;0;71;11;60;49;22;27;120;33;87;0,1594;0;0,449;NA;0,1549;0,449;0,275
2020-09-17;"OESTE";61;25;0;0;40;17;0;0;36;0;23;0;61;25;36;40;17;23;101;42;59;0,4098;NA;0,425;NA;0,4098;0,425;0,4158
2020-09-17;"SUDOESTE";106;51;0;0;70;51;1;1;55;0;19;0;106;51;55;71;52;19;177;103;74;0,4811;NA;0,7286;1;0,4811;0,7324;0,5819
2020-09-17;"SUL";227;107;10;1;134;86;3;2;120;9;48;1;237;108;129;137;88;49;374;196;178;0,4714;0,1;0,6418;0,6667;0,4557;0,6423;0,5241
2020-09-18;"CENTRO-LESTE";114;40;0;0;93;52;0;0;74;0;41;0;114;40;74;93;52;41;207;92;115;0,3509;NA;0,5591;NA;0,3509;0,5591;0,4444
2020-09-18;"CENTRO-NORTE";55;7;0;0;10;5;0;0;48;0;5;0;55;7;48;10;5;5;65;12;53;0,1273;NA;0,5;NA;0,1273;0,5;0,1846
2020-09-18;"EXTREMO-SUL";40;17;0;0;55;33;0;0;23;0;22;0;40;17;23;55;33;22;95;50;45;0,425;NA;0,6;NA;0,425;0,6;0,5263
2020-09-18;"LESTE";559;236;27;17;579;263;27;11;323;10;316;16;586;253;333;606;274;332;1192;527;665;0,4222;0,6296;0,4542;0,4074;0,4317;0,4521;0,4421
2020-09-18;"NORDESTE";12;5;0;0;12;5;0;0;7;0;7;0;12;5;7;12;5;7;24;10;14;0,4167;NA;0,4167;NA;0,4167;0,4167;0,4167
2020-09-18;"NORTE";69;15;2;0;49;16;0;0;54;2;33;0;71;15;56;49;16;33;120;31;89;0,2174;0;0,3265;NA;0,2113;0,3265;0,2583
2020-09-18;"OESTE";61;25;0;0;40;20;0;0;36;0;20;0;61;25;36;40;20;20;101;45;56;0,4098;NA;0,5;NA;0,4098;0,5;0,4455
2020-09-18;"SUDOESTE";106;43;0;0;70;54;1;1;63;0;16;0;106;43;63;71;55;16;177;98;79;0,4057;NA;0,7714;1;0,4057;0,7746;0,5537
2020-09-18;"SUL";227;105;10;3;134;84;3;1;122;7;50;2;237;108;129;137;85;52;374;193;181;0,4626;0,3;0,6269;0,3333;0,4557;0,6204;0,516
2020-09-19;"CENTRO-LESTE";114;41;0;0;93;50;0;0;73;0;43;0;114;41;73;93;50;43;207;91;116;0,3596;NA;0,5376;NA;0,3596;0,5376;0,4396
2020-09-19;"CENTRO-NORTE";55;7;0;0;10;6;0;0;48;0;4;0;55;7;48;10;6;4;65;13;52;0,1273;NA;0,6;NA;0,1273;0,6;0,2
2020-09-19;"EXTREMO-SUL";40;18;0;0;55;32;0;0;22;0;23;0;40;18;22;55;32;23;95;50;45;0,45;NA;0,5818;NA;0,45;0,5818;0,5263
2020-09-19;"LESTE";559;222;27;16;579;237;27;11;337;11;342;16;586;238;348;606;248;358;1192;486;706;0,3971;0,5926;0,4093;0,4074;0,4061;0,4092;0,4077
2020-09-19;"NORDESTE";12;5;0;0;12;5;0;0;7;0;7;0;12;5;7;12;5;7;24;10;14;0,4167;NA;0,4167;NA;0,4167;0,4167;0,4167
2020-09-19;"NORTE";69;9;2;0;49;16;0;0;60;2;33;0;71;9;62;49;16;33;120;25;95;0,1304;0;0,3265;NA;0,1268;0,3265;0,2083
2020-09-19;"OESTE";61;28;0;0;40;22;0;0;33;0;18;0;61;28;33;40;22;18;101;50;51;0,459;NA;0,55;NA;0,459;0,55;0,495
2020-09-19;"SUDOESTE";106;42;0;0;70;51;1;0;64;0;19;1;106;42;64;71;51;20;177;93;84;0,3962;NA;0,7286;0;0,3962;0,7183;0,5254
2020-09-19;"SUL";227;112;10;3;134;78;3;1;115;7;56;2;237;115;122;137;79;58;374;194;180;0,4934;0,3;0,5821;0,3333;0,4852;0,5766;0,5187
2020-09-20;"CENTRO-LESTE";114;40;0;0;93;52;0;0;74;0;41;0;114;40;74;93;52;41;207;92;115;0,3509;NA;0,5591;NA;0,3509;0,5591;0,4444
2020-09-20;"CENTRO-NORTE";55;5;0;0;10;5;0;0;50;0;5;0;55;5;50;10;5;5;65;10;55;0,0909;NA;0,5;NA;0,0909;0,5;0,1538
2020-09-20;"EXTREMO-SUL";40;17;0;0;55;34;0;0;23;0;21;0;40;17;23;55;34;21;95;51;44;0,425;NA;0,6182;NA;0,425;0,6182;0,5368
2020-09-20;"LESTE";559;230;27;15;579;231;27;12;329;12;348;15;586;245;341;606;243;363;1192;488;704;0,4114;0,5556;0,399;0,4444;0,4181;0,401;0,4094
2020-09-20;"NORDESTE";12;5;0;0;12;4;0;0;7;0;8;0;12;5;7;12;4;8;24;9;15;0,4167;NA;0,3333;NA;0,4167;0,3333;0,375
2020-09-20;"NORTE";69;8;2;0;49;16;0;0;61;2;33;0;71;8;63;49;16;33;120;24;96;0,1159;0;0,3265;NA;0,1127;0,3265;0,2
2020-09-20;"OESTE";61;26;0;0;40;27;0;0;35;0;13;0;61;26;35;40;27;13;101;53;48;0,4262;NA;0,675;NA;0,4262;0,675;0,5248
2020-09-20;"SUDOESTE";106;50;0;0;70;54;1;0;56;0;16;1;106;50;56;71;54;17;177;104;73;0,4717;NA;0,7714;0;0,4717;0,7606;0,5876
2020-09-20;"SUL";227;129;10;3;134;79;3;1;98;7;55;2;237;132;105;137;80;57;374;212;162;0,5683;0,3;0,5896;0,3333;0,557;0,5839;0,5668
2020-09-21;"CENTRO-LESTE";114;35;0;0;93;48;0;0;79;0;45;0;114;35;79;93;48;45;207;83;124;0,307;NA;0,5161;NA;0,307;0,5161;0,401
2020-09-21;"CENTRO-NORTE";55;4;0;0;10;7;0;0;51;0;3;0;55;4;51;10;7;3;65;11;54;0,0727;NA;0,7;NA;0,0727;0,7;0,1692
2020-09-21;"EXTREMO-SUL";40;19;0;0;55;34;0;0;21;0;21;0;40;19;21;55;34;21;95;53;42;0,475;NA;0,6182;NA;0,475;0,6182;0,5579
2020-09-21;"LESTE";559;236;27;16;579;248;27;12;323;11;331;15;586;252;334;606;260;346;1192;512;680;0,4222;0,5926;0,4283;0,4444;0,43;0,429;0,4295
2020-09-21;"NORDESTE";12;4;0;0;12;2;0;0;8;0;10;0;12;4;8;12;2;10;24;6;18;0,3333;NA;0,1667;NA;0,3333;0,1667;0,25
2020-09-21;"NORTE";69;7;2;0;49;18;0;0;62;2;31;0;71;7;64;49;18;31;120;25;95;0,1014;0;0,3673;NA;0,0986;0,3673;0,2083
2020-09-21;"OESTE";61;23;0;0;40;26;0;0;38;0;14;0;61;23;38;40;26;14;101;49;52;0,377;NA;0,65;NA;0,377;0,65;0,4851
2020-09-21;"SUDOESTE";106;49;0;0;70;49;1;0;57;0;21;1;106;49;57;71;49;22;177;98;79;0,4623;NA;0,7;0;0,4623;0,6901;0,5537
2020-09-21;"SUL";227;111;10;3;134;76;3;1;116;7;58;2;237;114;123;137;77;60;374;191;183;0,489;0,3;0,5672;0,3333;0,481;0,562;0,5107
2020-09-22;"CENTRO-LESTE";99;39;0;0;93;45;0;0;60;0;48;0;99;39;60;93;45;48;192;84;108;0,3939;NA;0,4839;NA;0,3939;0,4839;0,4375
2020-09-22;"CENTRO-NORTE";55;6;0;0;10;7;0;0;49;0;3;0;55;6;49;10;7;3;65;13;52;0,1091;NA;0,7;NA;0,1091;0,7;0,2
2020-09-22;"EXTREMO-SUL";40;16;0;0;55;34;0;0;24;0;21;0;40;16;24;55;34;21;95;50;45;0,4;NA;0,6182;NA;0,4;0,6182;0,5263
2020-09-22;"LESTE";559;231;27;15;579;245;27;14;328;12;334;13;586;246;340;606;259;347;1192;505;687;0,4132;0,5556;0,4231;0,5185;0,4198;0,4274;0,4237
2020-09-22;"NORDESTE";12;3;0;0;12;6;0;0;9;0;6;0;12;3;9;12;6;6;24;9;15;0,25;NA;0,5;NA;0,25;0,5;0,375
2020-09-22;"NORTE";69;8;2;0;49;21;0;0;61;2;28;0;71;8;63;49;21;28;120;29;91;0,1159;0;0,4286;NA;0,1127;0,4286;0,2417
2020-09-22;"OESTE";61;23;0;0;40;28;0;0;38;0;12;0;61;23;38;40;28;12;101;51;50;0,377;NA;0,7;NA;0,377;0,7;0,505
2020-09-22;"SUDOESTE";106;42;0;0;70;46;1;0;64;0;24;1;106;42;64;71;46;25;177;88;89;0,3962;NA;0,6571;0;0,3962;0,6479;0,4972
2020-09-22;"SUL";227;128;10;3;134;73;3;1;99;7;61;2;237;131;106;137;74;63;374;205;169;0,5639;0,3;0,5448;0,3333;0,5527;0,5401;0,5481
2020-09-23;"CENTRO-LESTE";99;33;0;0;93;45;0;0;66;0;48;0;99;33;66;93;45;48;192;78;114;0,3333;NA;0,4839;NA;0,3333;0,4839;0,4062
2020-09-23;"CENTRO-NORTE";55;6;0;0;10;7;0;0;49;0;3;0;55;6;49;10;7;3;65;13;52;0,1091;NA;0,7;NA;0,1091;0,7;0,2
2020-09-23;"EXTREMO-SUL";40;15;0;0;55;35;0;0;25;0;20;0;40;15;25;55;35;20;95;50;45;0,375;NA;0,6364;NA;0,375;0,6364;0,5263
2020-09-23;"LESTE";529;224;27;17;569;250;27;12;305;10;319;15;556;241;315;596;262;334;1152;503;649;0,4234;0,6296;0,4394;0,4444;0,4335;0,4396;0,4366
2020-09-23;"NORDESTE";12;3;0;0;12;6;0;0;9;0;6;0;12;3;9;12;6;6;24;9;15;0,25;NA;0,5;NA;0,25;0,5;0,375
2020-09-23;"NORTE";69;9;2;0;49;19;0;0;60;2;30;0;71;9;62;49;19;30;120;28;92;0,1304;0;0,3878;NA;0,1268;0,3878;0,2333
2020-09-23;"OESTE";61;26;0;0;40;27;0;0;35;0;13;0;61;26;35;40;27;13;101;53;48;0,4262;NA;0,675;NA;0,4262;0,675;0,5248
2020-09-23;"SUDOESTE";106;37;0;0;70;47;1;0;69;0;23;1;106;37;69;71;47;24;177;84;93;0,3491;NA;0,6714;0;0,3491;0,662;0,4746
2020-09-23;"SUL";227;118;10;3;134;73;3;2;109;7;61;1;237;121;116;137;75;62;374;196;178;0,5198;0,3;0,5448;0,6667;0,5105;0,5474;0,5241
2020-09-24;"CENTRO-LESTE";99;28;0;0;93;48;0;0;71;0;45;0;99;28;71;93;48;45;192;76;116;0,2828;NA;0,5161;NA;0,2828;0,5161;0,3958
2020-09-24;"CENTRO-NORTE";55;6;0;0;10;8;0;0;49;0;2;0;55;6;49;10;8;2;65;14;51;0,1091;NA;0,8;NA;0,1091;0,8;0,2154
2020-09-24;"EXTREMO-SUL";40;16;0;0;55;33;0;0;24;0;22;0;40;16;24;55;33;22;95;49;46;0,4;NA;0,6;NA;0,4;0,6;0,5158
2020-09-24;"LESTE";529;231;27;21;569;223;27;12;298;6;346;15;556;252;304;596;235;361;1152;487;665;0,4367;0,7778;0,3919;0,4444;0,4532;0,3943;0,4227
2020-09-24;"NORDESTE";12;5;0;0;12;4;0;0;7;0;8;0;12;5;7;12;4;8;24;9;15;0,4167;NA;0,3333;NA;0,4167;0,3333;0,375
2020-09-24;"NORTE";69;10;2;0;49;24;0;0;59;2;25;0;71;10;61;49;24;25;120;34;86;0,1449;0;0,4898;NA;0,1408;0,4898;0,2833
2020-09-24;"OESTE";61;24;0;0;40;27;0;0;37;0;13;0;61;24;37;40;27;13;101;51;50;0,3934;NA;0,675;NA;0,3934;0,675;0,505
2020-09-24;"SUDOESTE";106;45;0;0;70;51;1;0;61;0;19;1;106;45;61;71;51;20;177;96;81;0,4245;NA;0,7286;0;0,4245;0,7183;0,5424
2020-09-24;"SUL";227;117;10;3;134;82;3;2;110;7;52;1;237;120;117;137;84;53;374;204;170;0,5154;0,3;0,6119;0,6667;0,5063;0,6131;0,5455
2020-09-25;"CENTRO-LESTE";99;31;0;0;93;44;0;0;68;0;49;0;99;31;68;93;44;49;192;75;117;0,3131;NA;0,4731;NA;0,3131;0,4731;0,3906
2020-09-25;"CENTRO-NORTE";55;4;0;0;10;7;0;0;51;0;3;0;55;4;51;10;7;3;65;11;54;0,0727;NA;0,7;NA;0,0727;0,7;0,1692
2020-09-25;"EXTREMO-SUL";40;13;0;0;55;35;0;0;27;0;20;0;40;13;27;55;35;20;95;48;47;0,325;NA;0,6364;NA;0,325;0,6364;0,5053
2020-09-25;"LESTE";529;229;27;17;569;244;27;10;300;10;325;17;556;246;310;596;254;342;1152;500;652;0,4329;0,6296;0,4288;0,3704;0,4424;0,4262;0,434
2020-09-25;"NORDESTE";12;1;0;0;12;4;0;0;11;0;8;0;12;1;11;12;4;8;24;5;19;0,0833;NA;0,3333;NA;0,0833;0,3333;0,2083
2020-09-25;"NORTE";69;10;2;0;49;28;0;0;59;2;21;0;71;10;61;49;28;21;120;38;82;0,1449;0;0,5714;NA;0,1408;0,5714;0,3167
2020-09-25;"OESTE";61;21;0;0;40;26;0;0;40;0;14;0;61;21;40;40;26;14;101;47;54;0,3443;NA;0,65;NA;0,3443;0,65;0,4653
2020-09-25;"SUDOESTE";106;53;0;0;70;49;1;0;53;0;21;1;106;53;53;71;49;22;177;102;75;0,5;NA;0,7;0;0,5;0,6901;0,5763
2020-09-25;"SUL";227;117;10;3;124;85;3;3;110;7;39;0;237;120;117;127;88;39;364;208;156;0,5154;0,3;0,6855;1;0,5063;0,6929;0,5714
2020-09-26;"CENTRO-LESTE";99;32;0;0;93;47;0;0;67;0;46;0;99;32;67;93;47;46;192;79;113;0,3232;NA;0,5054;NA;0,3232;0,5054;0,4115
2020-09-26;"CENTRO-NORTE";55;4;0;0;10;8;0;0;51;0;2;0;55;4;51;10;8;2;65;12;53;0,0727;NA;0,8;NA;0,0727;0,8;0,1846
2020-09-26;"EXTREMO-SUL";40;10;0;0;60;36;0;0;30;0;24;0;40;10;30;60;36;24;100;46;54;0,25;NA;0,6;NA;0,25;0,6;0,46
2020-09-26;"LESTE";529;234;27;20;569;244;27;10;295;7;325;17;556;254;302;596;254;342;1152;508;644;0,4423;0,7407;0,4288;0,3704;0,4568;0,4262;0,441
2020-09-26;"NORDESTE";12;2;0;0;12;4;0;0;10;0;8;0;12;2;10;12;4;8;24;6;18;0,1667;NA;0,3333;NA;0,1667;0,3333;0,25
2020-09-26;"NORTE";69;12;2;0;49;21;0;0;57;2;28;0;71;12;59;49;21;28;120;33;87;0,1739;0;0,4286;NA;0,169;0,4286;0,275
2020-09-26;"OESTE";61;23;0;0;40;24;0;0;38;0;16;0;61;23;38;40;24;16;101;47;54;0,377;NA;0,6;NA;0,377;0,6;0,4653
2020-09-26;"SUDOESTE";106;45;0;0;70;53;1;0;61;0;17;1;106;45;61;71;53;18;177;98;79;0,4245;NA;0,7571;0;0,4245;0,7465;0,5537
2020-09-26;"SUL";227;108;10;3;124;86;3;3;119;7;38;0;237;111;126;127;89;38;364;200;164;0,4758;0,3;0,6935;1;0,4684;0,7008;0,5495
2020-09-27;"CENTRO-LESTE";99;34;0;0;93;46;0;0;65;0;47;0;99;34;65;93;46;47;192;80;112;0,3434;NA;0,4946;NA;0,3434;0,4946;0,4167
2020-09-27;"CENTRO-NORTE";55;4;0;0;10;7;0;0;51;0;3;0;55;4;51;10;7;3;65;11;54;0,0727;NA;0,7;NA;0,0727;0,7;0,1692
2020-09-27;"EXTREMO-SUL";40;9;0;0;60;34;0;0;31;0;26;0;40;9;31;60;34;26;100;43;57;0,225;NA;0,5667;NA;0,225;0,5667;0,43
2020-09-27;"LESTE";529;236;27;16;569;243;27;15;293;11;326;12;556;252;304;596;258;338;1152;510;642;0,4461;0,5926;0,4271;0,5556;0,4532;0,4329;0,4427
2020-09-27;"NORDESTE";12;1;0;0;12;2;0;0;11;0;10;0;12;1;11;12;2;10;24;3;21;0,0833;NA;0,1667;NA;0,0833;0,1667;0,125
2020-09-27;"NORTE";69;13;2;0;49;20;0;0;56;2;29;0;71;13;58;49;20;29;120;33;87;0,1884;0;0,4082;NA;0,1831;0,4082;0,275
2020-09-27;"OESTE";61;23;0;0;40;23;0;0;38;0;17;0;61;23;38;40;23;17;101;46;55;0,377;NA;0,575;NA;0,377;0,575;0,4554
2020-09-27;"SUDOESTE";106;47;0;0;70;46;1;0;59;0;24;1;106;47;59;71;46;25;177;93;84;0,4434;NA;0,6571;0;0,4434;0,6479;0,5254
2020-09-27;"SUL";227;108;10;3;124;86;3;3;119;7;38;0;237;111;126;127;89;38;364;200;164;0,4758;0,3;0,6935;1;0,4684;0,7008;0,5495
2020-09-28;"CENTRO-LESTE";109;33;0;0;98;51;0;0;76;0;47;0;109;33;76;98;51;47;207;84;123;0,3028;NA;0,5204;NA;0,3028;0,5204;0,4058
2020-09-28;"CENTRO-NORTE";55;3;0;0;10;8;0;0;52;0;2;0;55;3;52;10;8;2;65;11;54;0,0545;NA;0,8;NA;0,0545;0,8;0,1692
2020-09-28;"EXTREMO-SUL";40;10;0;0;60;35;0;0;30;0;25;0;40;10;30;60;35;25;100;45;55;0,25;NA;0,5833;NA;0,25;0,5833;0,45
2020-09-28;"LESTE";529;242;27;20;569;246;27;14;287;7;323;13;556;262;294;596;260;336;1152;522;630;0,4575;0,7407;0,4323;0,5185;0,4712;0,4362;0,4531
2020-09-28;"NORDESTE";12;1;0;0;12;2;0;0;11;0;10;0;12;1;11;12;2;10;24;3;21;0,0833;NA;0,1667;NA;0,0833;0,1667;0,125
2020-09-28;"NORTE";69;14;2;0;49;20;0;0;55;2;29;0;71;14;57;49;20;29;120;34;86;0,2029;0;0,4082;NA;0,1972;0,4082;0,2833
2020-09-28;"OESTE";61;23;0;0;40;23;0;0;38;0;17;0;61;23;38;40;23;17;101;46;55;0,377;NA;0,575;NA;0,377;0,575;0,4554
2020-09-28;"SUDOESTE";106;52;0;0;70;47;1;0;54;0;23;1;106;52;54;71;47;24;177;99;78;0,4906;NA;0,6714;0;0,4906;0,662;0,5593
2020-09-28;"SUL";227;99;10;1;124;79;3;3;128;9;45;0;237;100;137;127;82;45;364;182;182;0,4361;0,1;0,6371;1;0,4219;0,6457;0,5
2020-09-29;"CENTRO-LESTE";109;33;0;0;98;53;0;0;76;0;45;0;109;33;76;98;53;45;207;86;121;0,3028;NA;0,5408;NA;0,3028;0,5408;0,4155
2020-09-29;"CENTRO-NORTE";55;3;0;0;10;7;0;0;52;0;3;0;55;3;52;10;7;3;65;10;55;0,0545;NA;0,7;NA;0,0545;0,7;0,1538
2020-09-29;"EXTREMO-SUL";40;9;0;0;60;39;0;0;31;0;21;0;40;9;31;60;39;21;100;48;52;0,225;NA;0,65;NA;0,225;0,65;0,48
2020-09-29;"LESTE";529;235;27;18;569;243;27;14;294;9;326;13;556;253;303;596;257;339;1152;510;642;0,4442;0,6667;0,4271;0,5185;0,455;0,4312;0,4427
2020-09-29;"NORDESTE";12;2;0;0;12;7;0;0;10;0;5;0;12;2;10;12;7;5;24;9;15;0,1667;NA;0,5833;NA;0,1667;0,5833;0,375
2020-09-29;"NORTE";69;14;2;0;49;18;0;0;55;2;31;0;71;14;57;49;18;31;120;32;88;0,2029;0;0,3673;NA;0,1972;0,3673;0,2667
2020-09-29;"OESTE";61;19;0;0;40;23;0;0;42;0;17;0;61;19;42;40;23;17;101;42;59;0,3115;NA;0,575;NA;0,3115;0,575;0,4158
2020-09-29;"SUDOESTE";106;42;0;0;70;43;1;0;64;0;27;1;106;42;64;71;43;28;177;85;92;0,3962;NA;0,6143;0;0,3962;0,6056;0,4802
2020-09-29;"SUL";218;94;10;5;124;82;3;2;124;5;42;1;228;99;129;127;84;43;355;183;172;0,4312;0,5;0,6613;0,6667;0,4342;0,6614;0,5155
2020-09-30;"CENTRO-LESTE";109;37;0;0;98;61;0;0;72;0;37;0;109;37;72;98;61;37;207;98;109;0,3394;NA;0,6224;NA;0,3394;0,6224;0,4734
2020-09-30;"CENTRO-NORTE";55;4;0;0;10;8;0;0;51;0;2;0;55;4;51;10;8;2;65;12;53;0,0727;NA;0,8;NA;0,0727;0,8;0,1846
2020-09-30;"EXTREMO-SUL";40;13;0;0;60;37;0;0;27;0;23;0;40;13;27;60;37;23;100;50;50;0,325;NA;0,6167;NA;0,325;0,6167;0,5
2020-09-30;"LESTE";529;219;27;15;569;255;27;12;310;12;314;15;556;234;322;596;267;329;1152;501;651;0,414;0,5556;0,4482;0,4444;0,4209;0,448;0,4349
2020-09-30;"NORDESTE";12;3;0;0;12;7;0;0;9;0;5;0;12;3;9;12;7;5;24;10;14;0,25;NA;0,5833;NA;0,25;0,5833;0,4167
2020-09-30;"NORTE";69;15;2;0;49;16;0;0;54;2;33;0;71;15;56;49;16;33;120;31;89;0,2174;0;0,3265;NA;0,2113;0,3265;0,2583
2020-09-30;"OESTE";61;20;0;0;40;22;0;0;41;0;18;0;61;20;41;40;22;18;101;42;59;0,3279;NA;0,55;NA;0,3279;0,55;0,4158
2020-09-30;"SUDOESTE";91;43;0;0;70;44;0;0;48;0;26;0;91;43;48;70;44;26;161;87;74;0,4725;NA;0,6286;NA;0,4725;0,6286;0,5404
2020-09-30;"SUL";218;81;10;7;124;89;3;2;137;3;35;1;228;88;140;127;91;36;355;179;176;0,3716;0,7;0,7177;0,6667;0,386;0,7165;0,5042
2020-10-01;"CENTRO-LESTE";109;46;0;0;98;61;0;0;63;0;37;0;109;46;63;98;61;37;207;107;100;0,422;NA;0,6224;NA;0,422;0,6224;0,5169
2020-10-01;"CENTRO-NORTE";55;4;0;0;10;7;0;0;51;0;3;0;55;4;51;10;7;3;65;11;54;0,0727;NA;0,7;NA;0,0727;0,7;0,1692
2020-10-01;"EXTREMO-SUL";40;12;0;0;60;36;0;0;28;0;24;0;40;12;28;60;36;24;100;48;52;0,3;NA;0,6;NA;0,3;0,6;0,48
2020-10-01;"LESTE";529;234;27;17;569;244;27;11;295;10;325;16;556;251;305;596;255;341;1152;506;646;0,4423;0,6296;0,4288;0,4074;0,4514;0,4279;0,4392
2020-10-01;"NORDESTE";12;4;0;0;12;7;0;0;8;0;5;0;12;4;8;12;7;5;24;11;13;0,3333;NA;0,5833;NA;0,3333;0,5833;0,4583
2020-10-01;"NORTE";69;16;2;0;49;18;0;0;53;2;31;0;71;16;55;49;18;31;120;34;86;0,2319;0;0,3673;NA;0,2254;0,3673;0,2833
2020-10-01;"OESTE";61;16;0;0;40;20;0;0;45;0;20;0;61;16;45;40;20;20;101;36;65;0,2623;NA;0,5;NA;0,2623;0,5;0,3564
2020-10-01;"SUDOESTE";91;44;0;0;70;47;0;0;47;0;23;0;91;44;47;70;47;23;161;91;70;0,4835;NA;0,6714;NA;0,4835;0,6714;0,5652
2020-10-01;"SUL";218;83;10;7;124;88;3;2;135;3;36;1;228;90;138;127;90;37;355;180;175;0,3807;0,7;0,7097;0,6667;0,3947;0,7087;0,507
2020-10-02;"CENTRO-LESTE";109;44;0;0;98;56;0;0;65;0;42;0;109;44;65;98;56;42;207;100;107;0,4037;NA;0,5714;NA;0,4037;0,5714;0,4831
2020-10-02;"CENTRO-NORTE";55;6;0;0;10;8;0;0;49;0;2;0;55;6;49;10;8;2;65;14;51;0,1091;NA;0,8;NA;0,1091;0,8;0,2154
2020-10-02;"EXTREMO-SUL";40;11;0;0;60;36;0;0;29;0;24;0;40;11;29;60;36;24;100;47;53;0,275;NA;0,6;NA;0,275;0,6;0,47
2020-10-02;"LESTE";529;227;27;20;569;235;27;17;302;7;334;10;556;247;309;596;252;344;1152;499;653;0,4291;0,7407;0,413;0,6296;0,4442;0,4228;0,4332
2020-10-02;"NORDESTE";12;2;0;0;12;4;0;0;10;0;8;0;12;2;10;12;4;8;24;6;18;0,1667;NA;0,3333;NA;0,1667;0,3333;0,25
2020-10-02;"NORTE";69;15;2;0;49;13;0;0;54;2;36;0;71;15;56;49;13;36;120;28;92;0,2174;0;0,2653;NA;0,2113;0,2653;0,2333
2020-10-02;"OESTE";61;15;0;0;40;17;0;0;46;0;23;0;61;15;46;40;17;23;101;32;69;0,2459;NA;0,425;NA;0,2459;0,425;0,3168
2020-10-02;"SUDOESTE";91;38;0;0;70;49;0;0;53;0;21;0;91;38;53;70;49;21;161;87;74;0,4176;NA;0,7;NA;0,4176;0,7;0,5404
2020-10-02;"SUL";218;94;10;7;124;87;3;1;124;3;37;2;228;101;127;127;88;39;355;189;166;0,4312;0,7;0,7016;0,3333;0,443;0,6929;0,5324
2020-10-03;"CENTRO-LESTE";109;45;0;0;98;61;0;0;64;0;37;0;109;45;64;98;61;37;207;106;101;0,4128;NA;0,6224;NA;0,4128;0,6224;0,5121
2020-10-03;"CENTRO-NORTE";55;3;0;0;10;8;0;0;52;0;2;0;55;3;52;10;8;2;65;11;54;0,0545;NA;0,8;NA;0,0545;0,8;0,1692
2020-10-03;"EXTREMO-SUL";40;10;0;0;60;35;0;0;30;0;25;0;40;10;30;60;35;25;100;45;55;0,25;NA;0,5833;NA;0,25;0,5833;0,45
2020-10-03;"LESTE";529;224;27;15;569;235;27;18;305;12;334;9;556;239;317;596;253;343;1152;492;660;0,4234;0,5556;0,413;0,6667;0,4299;0,4245;0,4271
2020-10-03;"NORDESTE";12;1;0;0;12;4;0;0;11;0;8;0;12;1;11;12;4;8;24;5;19;0,0833;NA;0,3333;NA;0,0833;0,3333;0,2083
2020-10-03;"NORTE";69;9;2;0;49;12;0;0;60;2;37;0;71;9;62;49;12;37;120;21;99;0,1304;0;0,2449;NA;0,1268;0,2449;0,175
2020-10-03;"OESTE";61;15;0;0;40;22;0;0;46;0;18;0;61;15;46;40;22;18;101;37;64;0,2459;NA;0,55;NA;0,2459;0,55;0,3663
2020-10-03;"SUDOESTE";91;40;0;0;70;49;0;0;51;0;21;0;91;40;51;70;49;21;161;89;72;0,4396;NA;0,7;NA;0,4396;0,7;0,5528
2020-10-03;"SUL";218;97;10;7;124;91;3;2;121;3;33;1;228;104;124;127;93;34;355;197;158;0,445;0,7;0,7339;0,6667;0,4561;0,7323;0,5549
2020-10-04;"CENTRO-LESTE";109;38;0;0;98;64;0;0;71;0;34;0;109;38;71;98;64;34;207;102;105;0,3486;NA;0,6531;NA;0,3486;0,6531;0,4928
2020-10-04;"CENTRO-NORTE";55;4;0;0;10;8;0;0;51;0;2;0;55;4;51;10;8;2;65;12;53;0,0727;NA;0,8;NA;0,0727;0,8;0,1846
2020-10-04;"EXTREMO-SUL";40;8;0;0;60;37;0;0;32;0;23;0;40;8;32;60;37;23;100;45;55;0,2;NA;0,6167;NA;0,2;0,6167;0,45
2020-10-04;"LESTE";529;229;27;18;569;236;27;18;300;9;333;9;556;247;309;596;254;342;1152;501;651;0,4329;0,6667;0,4148;0,6667;0,4442;0,4262;0,4349
2020-10-04;"NORDESTE";12;1;0;0;12;2;0;0;11;0;10;0;12;1;11;12;2;10;24;3;21;0,0833;NA;0,1667;NA;0,0833;0,1667;0,125
2020-10-04;"NORTE";69;9;2;0;49;20;0;0;60;2;29;0;71;9;62;49;20;29;120;29;91;0,1304;0;0,4082;NA;0,1268;0,4082;0,2417
2020-10-04;"OESTE";61;19;0;0;40;17;0;0;42;0;23;0;61;19;42;40;17;23;101;36;65;0,3115;NA;0,425;NA;0,3115;0,425;0,3564
2020-10-04;"SUDOESTE";91;42;0;0;70;52;0;0;49;0;18;0;91;42;49;70;52;18;161;94;67;0,4615;NA;0,7429;NA;0,4615;0,7429;0,5839
2020-10-04;"SUL";218;93;10;7;124;92;3;2;125;3;32;1;228;100;128;127;94;33;355;194;161;0,4266;0,7;0,7419;0,6667;0,4386;0,7402;0,5465
2020-10-05;"CENTRO-LESTE";109;35;0;0;98;61;0;0;74;0;37;0;109;35;74;98;61;37;207;96;111;0,3211;NA;0,6224;NA;0,3211;0,6224;0,4638
2020-10-05;"CENTRO-NORTE";55;4;0;0;10;8;0;0;51;0;2;0;55;4;51;10;8;2;65;12;53;0,0727;NA;0,8;NA;0,0727;0,8;0,1846
2020-10-05;"EXTREMO-SUL";40;10;0;0;60;36;0;0;30;0;24;0;40;10;30;60;36;24;100;46;54;0,25;NA;0,6;NA;0,25;0,6;0,46
2020-10-05;"LESTE";529;222;27;21;569;244;27;18;307;6;325;9;556;243;313;596;262;334;1152;505;647;0,4197;0,7778;0,4288;0,6667;0,4371;0,4396;0,4384
2020-10-05;"NORDESTE";12;2;0;0;12;1;0;0;10;0;11;0;12;2;10;12;1;11;24;3;21;0,1667;NA;0,0833;NA;0,1667;0,0833;0,125
2020-10-05;"NORTE";69;7;2;0;49;19;0;0;62;2;30;0;71;7;64;49;19;30;120;26;94;0,1014;0;0,3878;NA;0,0986;0,3878;0,2167
2020-10-05;"OESTE";61;23;0;0;40;21;0;0;38;0;19;0;61;23;38;40;21;19;101;44;57;0,377;NA;0,525;NA;0,377;0,525;0,4356
2020-10-05;"SUDOESTE";91;43;0;0;70;50;1;0;48;0;20;1;91;43;48;71;50;21;162;93;69;0,4725;NA;0,7143;0;0,4725;0,7042;0,5741
2020-10-05;"SUL";218;92;10;7;124;92;3;3;126;3;32;0;228;99;129;127;95;32;355;194;161;0,422;0,7;0,7419;1;0,4342;0,748;0,5465
2020-10-06;"CENTRO-LESTE";109;38;0;0;98;58;0;0;71;0;40;0;109;38;71;98;58;40;207;96;111;0,3486;NA;0,5918;NA;0,3486;0,5918;0,4638
2020-10-06;"CENTRO-NORTE";55;4;0;0;10;7;0;0;51;0;3;0;55;4;51;10;7;3;65;11;54;0,0727;NA;0,7;NA;0,0727;0,7;0,1692
2020-10-06;"EXTREMO-SUL";40;13;0;0;60;32;0;0;27;0;28;0;40;13;27;60;32;28;100;45;55;0,325;NA;0,5333;NA;0,325;0,5333;0,45
2020-10-06;"LESTE";529;205;27;20;569;239;27;18;324;7;330;9;556;225;331;596;257;339;1152;482;670;0,3875;0,7407;0,42;0,6667;0,4047;0,4312;0,4184
2020-10-06;"NORDESTE";12;3;0;0;12;3;0;0;9;0;9;0;12;3;9;12;3;9;24;6;18;0,25;NA;0,25;NA;0,25;0,25;0,25
2020-10-06;"NORTE";69;7;2;0;49;22;0;0;62;2;27;0;71;7;64;49;22;27;120;29;91;0,1014;0;0,449;NA;0,0986;0,449;0,2417
2020-10-06;"OESTE";61;25;0;0;40;23;0;0;36;0;17;0;61;25;36;40;23;17;101;48;53;0,4098;NA;0,575;NA;0,4098;0,575;0,4752
2020-10-06;"SUDOESTE";91;60;0;0;70;47;1;0;31;0;23;1;91;60;31;71;47;24;162;107;55;0,6593;NA;0,6714;0;0,6593;0,662;0,6605
2020-10-06;"SUL";218;93;10;6;124;87;3;2;125;4;37;1;228;99;129;127;89;38;355;188;167;0,4266;0,6;0,7016;0,6667;0,4342;0,7008;0,5296
2020-10-07;"CENTRO-LESTE";109;40;0;0;98;56;0;0;69;0;42;0;109;40;69;98;56;42;207;96;111;0,367;NA;0,5714;NA;0,367;0,5714;0,4638
2020-10-07;"CENTRO-NORTE";55;6;0;0;10;7;0;0;49;0;3;0;55;6;49;10;7;3;65;13;52;0,1091;NA;0,7;NA;0,1091;0,7;0,2
2020-10-07;"EXTREMO-SUL";40;12;0;0;60;32;0;0;28;0;28;0;40;12;28;60;32;28;100;44;56;0,3;NA;0,5333;NA;0,3;0,5333;0,44
2020-10-07;"LESTE";529;212;27;21;569;245;27;20;317;6;324;7;556;233;323;596;265;331;1152;498;654;0,4008;0,7778;0,4306;0,7407;0,4191;0,4446;0,4323
2020-10-07;"NORDESTE";12;2;0;0;12;6;0;0;10;0;6;0;12;2;10;12;6;6;24;8;16;0,1667;NA;0,5;NA;0,1667;0,5;0,3333
2020-10-07;"NORTE";69;8;2;0;49;22;0;0;61;2;27;0;71;8;63;49;22;27;120;30;90;0,1159;0;0,449;NA;0,1127;0,449;0,25
2020-10-07;"OESTE";61;25;0;0;40;23;0;0;36;0;17;0;61;25;36;40;23;17;101;48;53;0,4098;NA;0,575;NA;0,4098;0,575;0,4752
2020-10-07;"SUDOESTE";91;52;0;0;70;49;1;0;39;0;21;1;91;52;39;71;49;22;162;101;61;0,5714;NA;0,7;0;0,5714;0,6901;0,6235
2020-10-07;"SUL";218;90;10;6;124;89;3;2;128;4;35;1;228;96;132;127;91;36;355;187;168;0,4128;0,6;0,7177;0,6667;0,4211;0,7165;0,5268
2020-10-08;"CENTRO-LESTE";109;37;0;0;98;61;0;0;72;0;37;0;109;37;72;98;61;37;207;98;109;0,3394;NA;0,6224;NA;0,3394;0,6224;0,4734
2020-10-08;"CENTRO-NORTE";55;9;0;0;10;7;0;0;46;0;3;0;55;9;46;10;7;3;65;16;49;0,1636;NA;0,7;NA;0,1636;0,7;0,2462
2020-10-08;"EXTREMO-SUL";40;11;0;0;60;30;0;0;29;0;30;0;40;11;29;60;30;30;100;41;59;0,275;NA;0,5;NA;0,275;0,5;0,41
2020-10-08;"LESTE";529;213;27;19;569;248;27;20;316;8;321;7;556;232;324;596;268;328;1152;500;652;0,4026;0,7037;0,4359;0,7407;0,4173;0,4497;0,434
2020-10-08;"NORDESTE";12;2;0;0;12;6;0;0;10;0;6;0;12;2;10;12;6;6;24;8;16;0,1667;NA;0,5;NA;0,1667;0,5;0,3333
2020-10-08;"NORTE";69;9;2;0;49;23;0;0;60;2;26;0;71;9;62;49;23;26;120;32;88;0,1304;0;0,4694;NA;0,1268;0,4694;0,2667
2020-10-08;"OESTE";61;25;0;0;40;20;0;0;36;0;20;0;61;25;36;40;20;20;101;45;56;0,4098;NA;0,5;NA;0,4098;0,5;0,4455
2020-10-08;"SUDOESTE";91;48;0;0;70;52;1;0;43;0;18;1;91;48;43;71;52;19;162;100;62;0,5275;NA;0,7429;0;0,5275;0,7324;0,6173
2020-10-08;"SUL";218;94;10;5;124;87;3;3;124;5;37;0;228;99;129;127;90;37;355;189;166;0,4312;0,5;0,7016;1;0,4342;0,7087;0,5324
2020-10-09;"CENTRO-LESTE";109;32;0;0;98;65;0;0;77;0;33;0;109;32;77;98;65;33;207;97;110;0,2936;NA;0,6633;NA;0,2936;0,6633;0,4686
2020-10-09;"CENTRO-NORTE";55;8;0;0;10;8;0;0;47;0;2;0;55;8;47;10;8;2;65;16;49;0,1455;NA;0,8;NA;0,1455;0,8;0,2462
2020-10-09;"EXTREMO-SUL";40;10;0;0;60;28;0;0;30;0;32;0;40;10;30;60;28;32;100;38;62;0,25;NA;0,4667;NA;0,25;0,4667;0,38
2020-10-09;"LESTE";529;214;27;20;569;242;27;19;315;7;327;8;556;234;322;596;261;335;1152;495;657;0,4045;0,7407;0,4253;0,7037;0,4209;0,4379;0,4297
2020-10-09;"NORDESTE";12;0;0;0;12;9;0;0;12;0;3;0;12;0;12;12;9;3;24;9;15;0;NA;0,75;NA;0;0,75;0,375
2020-10-09;"NORTE";69;8;2;0;49;18;0;0;61;2;31;0;71;8;63;49;18;31;120;26;94;0,1159;0;0,3673;NA;0,1127;0,3673;0,2167
2020-10-09;"OESTE";61;29;0;0;40;19;0;0;32;0;21;0;61;29;32;40;19;21;101;48;53;0,4754;NA;0,475;NA;0,4754;0,475;0,4752
2020-10-09;"SUDOESTE";91;50;0;0;70;49;1;0;41;0;21;1;91;50;41;71;49;22;162;99;63;0,5495;NA;0,7;0;0,5495;0,6901;0,6111
2020-10-09;"SUL";218;93;10;5;124;89;3;3;125;5;35;0;228;98;130;127;92;35;355;190;165;0,4266;0,5;0,7177;1;0,4298;0,7244;0,5352
2020-10-10;"CENTRO-LESTE";109;31;0;0;98;64;0;0;78;0;34;0;109;31;78;98;64;34;207;95;112;0,2844;NA;0,6531;NA;0,2844;0,6531;0,4589
2020-10-10;"CENTRO-NORTE";55;7;0;0;10;7;0;0;48;0;3;0;55;7;48;10;7;3;65;14;51;0,1273;NA;0,7;NA;0,1273;0,7;0,2154
2020-10-10;"EXTREMO-SUL";40;11;0;0;60;26;0;0;29;0;34;0;40;11;29;60;26;34;100;37;63;0,275;NA;0,4333;NA;0,275;0,4333;0,37
2020-10-10;"LESTE";529;219;27;21;569;239;27;17;310;6;330;10;556;240;316;596;256;340;1152;496;656;0,414;0,7778;0,42;0,6296;0,4317;0,4295;0,4306
2020-10-10;"NORDESTE";12;0;0;0;12;6;0;0;12;0;6;0;12;0;12;12;6;6;24;6;18;0;NA;0,5;NA;0;0,5;0,25
2020-10-10;"NORTE";69;6;2;0;49;17;0;0;63;2;32;0;71;6;65;49;17;32;120;23;97;0,087;0;0,3469;NA;0,0845;0,3469;0,1917
2020-10-10;"OESTE";61;26;0;0;40;19;0;0;35;0;21;0;61;26;35;40;19;21;101;45;56;0,4262;NA;0,475;NA;0,4262;0,475;0,4455
2020-10-10;"SUDOESTE";91;42;0;0;70;50;1;0;49;0;20;1;91;42;49;71;50;21;162;92;70;0,4615;NA;0,7143;0;0,4615;0,7042;0,5679
2020-10-10;"SUL";218;89;10;1;124;89;3;2;129;9;35;1;228;90;138;127;91;36;355;181;174;0,4083;0,1;0,7177;0,6667;0,3947;0,7165;0,5099
2020-10-11;"CENTRO-LESTE";109;31;0;0;98;63;0;0;78;0;35;0;109;31;78;98;63;35;207;94;113;0,2844;NA;0,6429;NA;0,2844;0,6429;0,4541
2020-10-11;"CENTRO-NORTE";55;7;0;0;10;6;0;0;48;0;4;0;55;7;48;10;6;4;65;13;52;0,1273;NA;0,6;NA;0,1273;0,6;0,2
2020-10-11;"EXTREMO-SUL";40;11;0;0;60;25;0;0;29;0;35;0;40;11;29;60;25;35;100;36;64;0,275;NA;0,4167;NA;0,275;0,4167;0,36
2020-10-11;"LESTE";529;223;27;20;569;226;27;21;306;7;343;6;556;243;313;596;247;349;1152;490;662;0,4216;0,7407;0,3972;0,7778;0,4371;0,4144;0,4253
2020-10-11;"NORDESTE";12;0;0;0;12;6;0;0;12;0;6;0;12;0;12;12;6;6;24;6;18;0;NA;0,5;NA;0;0,5;0,25
2020-10-11;"NORTE";69;6;2;0;49;17;0;0;63;2;32;0;71;6;65;49;17;32;120;23;97;0,087;0;0,3469;NA;0,0845;0,3469;0,1917
2020-10-11;"OESTE";61;32;0;0;40;24;0;0;29;0;16;0;61;32;29;40;24;16;101;56;45;0,5246;NA;0,6;NA;0,5246;0,6;0,5545
2020-10-11;"SUDOESTE";91;43;0;0;70;46;1;0;48;0;24;1;91;43;48;71;46;25;162;89;73;0,4725;NA;0,6571;0;0,4725;0,6479;0,5494
2020-10-11;"SUL";218;86;10;1;124;88;3;2;132;9;36;1;228;87;141;127;90;37;355;177;178;0,3945;0,1;0,7097;0,6667;0,3816;0,7087;0,4986
2020-10-12;"CENTRO-LESTE";109;32;0;0;98;59;0;0;77;0;39;0;109;32;77;98;59;39;207;91;116;0,2936;NA;0,602;NA;0,2936;0,602;0,4396
2020-10-12;"CENTRO-NORTE";55;7;0;0;10;8;0;0;48;0;2;0;55;7;48;10;8;2;65;15;50;0,1273;NA;0,8;NA;0,1273;0,8;0,2308
2020-10-12;"EXTREMO-SUL";40;12;0;0;60;27;0;0;28;0;33;0;40;12;28;60;27;33;100;39;61;0,3;NA;0,45;NA;0,3;0,45;0,39
2020-10-12;"LESTE";529;230;27;22;569;211;27;19;299;5;358;8;556;252;304;596;230;366;1152;482;670;0,4348;0,8148;0,3708;0,7037;0,4532;0,3859;0,4184
2020-10-12;"NORDESTE";12;0;0;0;12;6;0;0;12;0;6;0;12;0;12;12;6;6;24;6;18;0;NA;0,5;NA;0;0,5;0,25
2020-10-12;"NORTE";69;7;2;0;49;17;0;0;62;2;32;0;71;7;64;49;17;32;120;24;96;0,1014;0;0,3469;NA;0,0986;0,3469;0,2
2020-10-12;"OESTE";61;32;0;0;40;23;0;0;29;0;17;0;61;32;29;40;23;17;101;55;46;0,5246;NA;0,575;NA;0,5246;0,575;0,5446
2020-10-12;"SUDOESTE";91;46;0;0;70;41;1;0;45;0;29;1;91;46;45;71;41;30;162;87;75;0,5055;NA;0,5857;0;0,5055;0,5775;0,537
2020-10-12;"SUL";218;95;10;1;124;87;3;2;123;9;37;1;228;96;132;127;89;38;355;185;170;0,4358;0,1;0,7016;0,6667;0,4211;0,7008;0,5211
2020-10-13;"CENTRO-LESTE";109;35;0;0;90;56;0;0;74;0;34;0;109;35;74;90;56;34;199;91;108;0,3211;NA;0,6222;NA;0,3211;0,6222;0,4573
2020-10-13;"CENTRO-NORTE";55;6;0;0;10;8;0;0;49;0;2;0;55;6;49;10;8;2;65;14;51;0,1091;NA;0,8;NA;0,1091;0,8;0,2154
2020-10-13;"EXTREMO-SUL";40;13;0;0;60;22;0;0;27;0;38;0;40;13;27;60;22;38;100;35;65;0,325;NA;0,3667;NA;0,325;0,3667;0,35
2020-10-13;"LESTE";529;235;27;19;569;210;27;18;294;8;359;9;556;254;302;596;228;368;1152;482;670;0,4442;0,7037;0,3691;0,6667;0,4568;0,3826;0,4184
2020-10-13;"NORDESTE";12;0;0;0;12;8;0;0;12;0;4;0;12;0;12;12;8;4;24;8;16;0;NA;0,6667;NA;0;0,6667;0,3333
2020-10-13;"NORTE";69;10;2;0;49;27;0;0;59;2;22;0;71;10;61;49;27;22;120;37;83;0,1449;0;0,551;NA;0,1408;0,551;0,3083
2020-10-13;"OESTE";61;30;0;0;40;26;0;0;31;0;14;0;61;30;31;40;26;14;101;56;45;0,4918;NA;0,65;NA;0,4918;0,65;0,5545
2020-10-13;"SUDOESTE";91;46;0;0;70;42;1;0;45;0;28;1;91;46;45;71;42;29;162;88;74;0,5055;NA;0,6;0;0,5055;0,5915;0,5432
2020-10-13;"SUL";218;84;10;3;124;81;3;3;134;7;43;0;228;87;141;127;84;43;355;171;184;0,3853;0,3;0,6532;1;0,3816;0,6614;0,4817
2020-10-14;"CENTRO-LESTE";109;37;0;0;80;57;0;0;72;0;23;0;109;37;72;80;57;23;189;94;95;0,3394;NA;0,7125;NA;0,3394;0,7125;0,4974
2020-10-14;"CENTRO-NORTE";55;4;0;0;10;8;0;0;51;0;2;0;55;4;51;10;8;2;65;12;53;0,0727;NA;0,8;NA;0,0727;0,8;0,1846
2020-10-14;"EXTREMO-SUL";30;5;0;0;50;21;0;0;25;0;29;0;30;5;25;50;21;29;80;26;54;0,1667;NA;0,42;NA;0,1667;0,42;0,325
2020-10-14;"LESTE";459;228;27;16;469;196;27;20;231;11;273;7;486;244;242;496;216;280;982;460;522;0,4967;0,5926;0,4179;0,7407;0,5021;0,4355;0,4684
2020-10-14;"NORDESTE";12;0;0;0;12;5;0;0;12;0;7;0;12;0;12;12;5;7;24;5;19;0;NA;0,4167;NA;0;0,4167;0,2083
2020-10-14;"NORTE";69;10;2;0;49;28;0;0;59;2;21;0;71;10;61;49;28;21;120;38;82;0,1449;0;0,5714;NA;0,1408;0,5714;0,3167
2020-10-14;"OESTE";61;28;0;0;40;26;0;0;33;0;14;0;61;28;33;40;26;14;101;54;47;0,459;NA;0,65;NA;0,459;0,65;0,5347
2020-10-14;"SUDOESTE";91;40;0;0;70;49;1;0;51;0;21;1;91;40;51;71;49;22;162;89;73;0,4396;NA;0,7;0;0,4396;0,6901;0,5494
2020-10-14;"SUL";218;73;10;3;124;84;3;3;145;7;40;0;228;76;152;127;87;40;355;163;192;0,3349;0,3;0,6774;1;0,3333;0,685;0,4592
2020-10-15;"CENTRO-LESTE";109;34;0;0;80;55;0;0;75;0;25;0;109;34;75;80;55;25;189;89;100;0,3119;NA;0,6875;NA;0,3119;0,6875;0,4709
2020-10-15;"CENTRO-NORTE";55;3;0;0;10;8;0;0;52;0;2;0;55;3;52;10;8;2;65;11;54;0,0545;NA;0,8;NA;0,0545;0,8;0,1692
2020-10-15;"EXTREMO-SUL";30;9;0;0;50;22;0;0;21;0;28;0;30;9;21;50;22;28;80;31;49;0,3;NA;0,44;NA;0,3;0,44;0,3875
2020-10-15;"LESTE";459;230;27;21;442;162;27;18;229;6;280;9;486;251;235;469;180;289;955;431;524;0,5011;0,7778;0,3665;0,6667;0,5165;0,3838;0,4513
2020-10-15;"NORDESTE";12;0;0;0;12;4;0;0;12;0;8;0;12;0;12;12;4;8;24;4;20;0;NA;0,3333;NA;0;0,3333;0,1667
2020-10-15;"NORTE";69;9;2;0;49;23;0;0;60;2;26;0;71;9;62;49;23;26;120;32;88;0,1304;0;0,4694;NA;0,1268;0,4694;0,2667
2020-10-15;"OESTE";61;28;0;0;40;23;0;0;33;0;17;0;61;28;33;40;23;17;101;51;50;0,459;NA;0,575;NA;0,459;0,575;0,505
2020-10-15;"SUDOESTE";91;40;0;0;70;53;1;0;51;0;17;1;91;40;51;71;53;18;162;93;69;0,4396;NA;0,7571;0;0,4396;0,7465;0,5741
2020-10-15;"SUL";218;71;10;5;124;83;3;0;147;5;41;3;228;76;152;127;83;44;355;159;196;0,3257;0,5;0,6694;0;0,3333;0,6535;0,4479
2020-10-16;"CENTRO-LESTE";109;36;0;0;80;53;0;0;73;0;27;0;109;36;73;80;53;27;189;89;100;0,3303;NA;0,6625;NA;0,3303;0,6625;0,4709
2020-10-16;"CENTRO-NORTE";55;4;0;0;10;7;0;0;51;0;3;0;55;4;51;10;7;3;65;11;54;0,0727;NA;0,7;NA;0,0727;0,7;0,1692
2020-10-16;"EXTREMO-SUL";30;10;0;0;50;23;0;0;20;0;27;0;30;10;20;50;23;27;80;33;47;0,3333;NA;0,46;NA;0,3333;0,46;0,4125
2020-10-16;"LESTE";469;237;27;23;432;155;27;17;232;4;277;10;496;260;236;459;172;287;955;432;523;0,5053;0,8519;0,3588;0,6296;0,5242;0,3747;0,4524
2020-10-16;"NORDESTE";12;0;0;0;12;4;0;0;12;0;8;0;12;0;12;12;4;8;24;4;20;0;NA;0,3333;NA;0;0,3333;0,1667
2020-10-16;"NORTE";69;9;2;0;49;24;0;0;60;2;25;0;71;9;62;49;24;25;120;33;87;0,1304;0;0,4898;NA;0,1268;0,4898;0,275
2020-10-16;"OESTE";61;23;0;0;40;23;0;0;38;0;17;0;61;23;38;40;23;17;101;46;55;0,377;NA;0,575;NA;0,377;0,575;0,4554
2020-10-16;"SUDOESTE";91;35;0;0;70;42;1;1;56;0;28;0;91;35;56;71;43;28;162;78;84;0,3846;NA;0,6;1;0,3846;0,6056;0,4815
2020-10-16;"SUL";218;72;10;5;124;80;3;1;146;5;44;2;228;77;151;127;81;46;355;158;197;0,3303;0,5;0,6452;0,3333;0,3377;0,6378;0,4451
2020-10-17;"CENTRO-LESTE";109;40;0;0;80;61;0;0;69;0;19;0;109;40;69;80;61;19;189;101;88;0,367;NA;0,7625;NA;0,367;0,7625;0,5344
2020-10-17;"CENTRO-NORTE";55;2;0;0;10;5;0;0;53;0;5;0;55;2;53;10;5;5;65;7;58;0,0364;NA;0,5;NA;0,0364;0,5;0,1077
2020-10-17;"EXTREMO-SUL";30;10;0;0;50;21;0;0;20;0;29;0;30;10;20;50;21;29;80;31;49;0,3333;NA;0,42;NA;0,3333;0,42;0,3875
2020-10-17;"LESTE";469;229;27;24;432;206;27;17;240;3;226;10;496;253;243;459;223;236;955;476;479;0,4883;0,8889;0,4769;0,6296;0,5101;0,4858;0,4984
2020-10-17;"NORDESTE";12;0;0;0;12;4;0;0;12;0;8;0;12;0;12;12;4;8;24;4;20;0;NA;0,3333;NA;0;0,3333;0,1667
2020-10-17;"NORTE";69;10;2;0;49;22;0;0;59;2;27;0;71;10;61;49;22;27;120;32;88;0,1449;0;0,449;NA;0,1408;0,449;0,2667
2020-10-17;"OESTE";63;27;0;0;40;23;0;0;36;0;17;0;63;27;36;40;23;17;103;50;53;0,4286;NA;0,575;NA;0,4286;0,575;0,4854
2020-10-17;"SUDOESTE";91;34;0;0;70;47;1;1;57;0;23;0;91;34;57;71;48;23;162;82;80;0,3736;NA;0,6714;1;0,3736;0,6761;0,5062
2020-10-17;"SUL";218;73;10;5;124;76;3;1;145;5;48;2;228;78;150;127;77;50;355;155;200;0,3349;0,5;0,6129;0,3333;0,3421;0,6063;0,4366
2020-10-18;"CENTRO-LESTE";109;37;0;0;80;59;0;0;72;0;21;0;109;37;72;80;59;21;189;96;93;0,3394;NA;0,7375;NA;0,3394;0,7375;0,5079
2020-10-18;"CENTRO-NORTE";55;2;0;0;10;5;0;0;53;0;5;0;55;2;53;10;5;5;65;7;58;0,0364;NA;0,5;NA;0,0364;0,5;0,1077
2020-10-18;"EXTREMO-SUL";30;9;0;0;50;22;0;0;21;0;28;0;30;9;21;50;22;28;80;31;49;0,3;NA;0,44;NA;0,3;0,44;0,3875
2020-10-18;"LESTE";459;231;27;27;432;225;27;16;228;0;207;11;486;258;228;459;241;218;945;499;446;0,5033;1;0,5208;0,5926;0,5309;0,5251;0,528
2020-10-18;"NORDESTE";12;0;0;0;12;5;0;0;12;0;7;0;12;0;12;12;5;7;24;5;19;0;NA;0,4167;NA;0;0,4167;0,2083
2020-10-18;"NORTE";69;11;2;0;49;22;0;0;58;2;27;0;71;11;60;49;22;27;120;33;87;0,1594;0;0,449;NA;0,1549;0,449;0,275
2020-10-18;"OESTE";63;24;0;0;40;20;0;0;39;0;20;0;63;24;39;40;20;20;103;44;59;0,381;NA;0,5;NA;0,381;0,5;0,4272
2020-10-18;"SUDOESTE";91;34;0;0;70;49;1;1;57;0;21;0;91;34;57;71;50;21;162;84;78;0,3736;NA;0,7;1;0,3736;0,7042;0,5185
2020-10-18;"SUL";218;74;10;5;124;74;3;1;144;5;50;2;228;79;149;127;75;52;355;154;201;0,3394;0,5;0,5968;0,3333;0,3465;0,5906;0,4338
2020-10-19;"CENTRO-LESTE";109;39;0;0;80;56;0;0;70;0;24;0;109;39;70;80;56;24;189;95;94;0,3578;NA;0,7;NA;0,3578;0,7;0,5026
2020-10-19;"CENTRO-NORTE";55;5;0;0;10;5;0;0;50;0;5;0;55;5;50;10;5;5;65;10;55;0,0909;NA;0,5;NA;0,0909;0,5;0,1538
2020-10-19;"EXTREMO-SUL";30;6;0;0;50;20;0;0;24;0;30;0;30;6;24;50;20;30;80;26;54;0,2;NA;0,4;NA;0,2;0,4;0,325
2020-10-19;"LESTE";459;224;27;22;432;221;27;19;235;5;211;8;486;246;240;459;240;219;945;486;459;0,488;0,8148;0,5116;0,7037;0,5062;0,5229;0,5143
2020-10-19;"NORDESTE";12;0;0;0;12;5;0;0;12;0;7;0;12;0;12;12;5;7;24;5;19;0;NA;0,4167;NA;0;0,4167;0,2083
2020-10-19;"NORTE";69;11;2;0;49;22;0;0;58;2;27;0;71;11;60;49;22;27;120;33;87;0,1594;0;0,449;NA;0,1549;0,449;0,275
2020-10-19;"OESTE";63;22;0;0;40;23;0;0;41;0;17;0;63;22;41;40;23;17;103;45;58;0,3492;NA;0,575;NA;0,3492;0,575;0,4369
2020-10-19;"SUDOESTE";91;27;0;0;70;45;1;1;64;0;25;0;91;27;64;71;46;25;162;73;89;0,2967;NA;0,6429;1;0,2967;0,6479;0,4506
2020-10-19;"SUL";218;79;10;2;124;75;3;2;139;8;49;1;228;81;147;127;77;50;355;158;197;0,3624;0,2;0,6048;0,6667;0,3553;0,6063;0,4451
2020-10-20;"CENTRO-LESTE";109;34;0;0;80;49;0;0;75;0;31;0;109;34;75;80;49;31;189;83;106;0,3119;NA;0,6125;NA;0,3119;0,6125;0,4392
2020-10-20;"CENTRO-NORTE";55;10;0;0;10;5;0;0;45;0;5;0;55;10;45;10;5;5;65;15;50;0,1818;NA;0,5;NA;0,1818;0,5;0,2308
2020-10-20;"EXTREMO-SUL";30;4;0;0;50;21;0;0;26;0;29;0;30;4;26;50;21;29;80;25;55;0,1333;NA;0,42;NA;0,1333;0,42;0,3125
2020-10-20;"LESTE";444;217;27;24;423;181;27;19;227;3;242;8;471;241;230;450;200;250;921;441;480;0,4887;0,8889;0,4279;0,7037;0,5117;0,4444;0,4788
2020-10-20;"NORDESTE";12;0;0;0;12;5;0;0;12;0;7;0;12;0;12;12;5;7;24;5;19;0;NA;0,4167;NA;0;0,4167;0,2083
2020-10-20;"NORTE";69;9;2;0;49;22;0;0;60;2;27;0;71;9;62;49;22;27;120;31;89;0,1304;0;0,449;NA;0,1268;0,449;0,2583
2020-10-20;"OESTE";63;29;0;0;40;19;0;0;34;0;21;0;63;29;34;40;19;21;103;48;55;0,4603;NA;0,475;NA;0,4603;0,475;0,466
2020-10-20;"SUDOESTE";91;32;0;0;70;40;1;1;59;0;30;0;91;32;59;71;41;30;162;73;89;0,3516;NA;0,5714;1;0,3516;0,5775;0,4506
2020-10-20;"SUL";218;75;10;3;124;66;3;2;143;7;58;1;228;78;150;127;68;59;355;146;209;0,344;0,3;0,5323;0,6667;0,3421;0,5354;0,4113
2020-10-21;"CENTRO-LESTE";109;35;0;0;80;48;0;0;74;0;32;0;109;35;74;80;48;32;189;83;106;0,3211;NA;0,6;NA;0,3211;0,6;0,4392
2020-10-21;"CENTRO-NORTE";55;10;0;0;20;7;0;0;45;0;13;0;55;10;45;20;7;13;75;17;58;0,1818;NA;0,35;NA;0,1818;0,35;0,2267
2020-10-21;"EXTREMO-SUL";30;10;0;0;50;22;0;0;20;0;28;0;30;10;20;50;22;28;80;32;48;0,3333;NA;0,44;NA;0,3333;0,44;0,4
2020-10-21;"LESTE";444;229;27;23;423;179;27;13;215;4;244;14;471;252;219;450;192;258;921;444;477;0,5158;0,8519;0,4232;0,4815;0,535;0,4267;0,4821
2020-10-21;"NORDESTE";12;0;0;0;12;4;0;0;12;0;8;0;12;0;12;12;4;8;24;4;20;0;NA;0,3333;NA;0;0,3333;0,1667
2020-10-21;"NORTE";69;10;2;0;49;22;0;0;59;2;27;0;71;10;61;49;22;27;120;32;88;0,1449;0;0,449;NA;0,1408;0,449;0,2667
2020-10-21;"OESTE";63;28;0;0;40;19;0;0;35;0;21;0;63;28;35;40;19;21;103;47;56;0,4444;NA;0,475;NA;0,4444;0,475;0,4563
2020-10-21;"SUDOESTE";91;30;0;0;70;45;1;1;61;0;25;0;91;30;61;71;46;25;162;76;86;0,3297;NA;0,6429;1;0,3297;0,6479;0,4691
2020-10-21;"SUL";218;76;10;3;124;70;3;2;142;7;54;1;228;79;149;127;72;55;355;151;204;0,3486;0,3;0,5645;0,6667;0,3465;0,5669;0,4254
2020-10-22;"CENTRO-LESTE";109;37;0;0;80;54;0;0;72;0;26;0;109;37;72;80;54;26;189;91;98;0,3394;NA;0,675;NA;0,3394;0,675;0,4815
2020-10-22;"CENTRO-NORTE";55;8;0;0;20;8;0;0;47;0;12;0;55;8;47;20;8;12;75;16;59;0,1455;NA;0,4;NA;0,1455;0,4;0,2133
2020-10-22;"EXTREMO-SUL";30;10;0;0;50;25;0;0;20;0;25;0;30;10;20;50;25;25;80;35;45;0,3333;NA;0,5;NA;0,3333;0,5;0,4375
2020-10-22;"LESTE";444;230;27;23;423;178;27;14;214;4;245;13;471;253;218;450;192;258;921;445;476;0,518;0,8519;0,4208;0,5185;0,5372;0,4267;0,4832
2020-10-22;"NORDESTE";12;0;0;0;12;5;0;0;12;0;7;0;12;0;12;12;5;7;24;5;19;0;NA;0,4167;NA;0;0,4167;0,2083
2020-10-22;"NORTE";69;9;2;0;49;23;0;0;60;2;26;0;71;9;62;49;23;26;120;32;88;0,1304;0;0,4694;NA;0,1268;0,4694;0,2667
2020-10-22;"OESTE";63;24;0;0;40;17;0;0;39;0;23;0;63;24;39;40;17;23;103;41;62;0,381;NA;0,425;NA;0,381;0,425;0,3981
2020-10-22;"SUDOESTE";91;31;0;0;70;44;1;0;60;0;26;1;91;31;60;71;44;27;162;75;87;0,3407;NA;0,6286;0;0,3407;0,6197;0,463
2020-10-22;"SUL";218;80;10;2;124;74;3;2;138;8;50;1;228;82;146;127;76;51;355;158;197;0,367;0,2;0,5968;0,6667;0,3596;0,5984;0,4451
2020-10-23;"CENTRO-LESTE";109;35;0;0;80;60;0;0;74;0;20;0;109;35;74;80;60;20;189;95;94;0,3211;NA;0,75;NA;0,3211;0,75;0,5026
2020-10-23;"CENTRO-NORTE";55;8;0;0;20;8;0;0;47;0;12;0;55;8;47;20;8;12;75;16;59;0,1455;NA;0,4;NA;0,1455;0,4;0,2133
2020-10-23;"EXTREMO-SUL";30;11;0;0;50;25;0;0;19;0;25;0;30;11;19;50;25;25;80;36;44;0,3667;NA;0,5;NA;0,3667;0,5;0,45
2020-10-23;"LESTE";444;222;27;20;423;192;27;17;222;7;231;10;471;242;229;450;209;241;921;451;470;0,5;0,7407;0,4539;0,6296;0,5138;0,4644;0,4897
2020-10-23;"NORDESTE";12;0;0;0;12;2;0;0;12;0;10;0;12;0;12;12;2;10;24;2;22;0;NA;0,1667;NA;0;0,1667;0,0833
2020-10-23;"NORTE";69;7;2;0;49;25;0;0;62;2;24;0;71;7;64;49;25;24;120;32;88;0,1014;0;0,5102;NA;0,0986;0,5102;0,2667
2020-10-23;"OESTE";63;27;0;0;40;20;0;0;36;0;20;0;63;27;36;40;20;20;103;47;56;0,4286;NA;0,5;NA;0,4286;0,5;0,4563
2020-10-23;"SUDOESTE";91;30;0;0;70;46;1;0;61;0;24;1;91;30;61;71;46;25;162;76;86;0,3297;NA;0,6571;0;0,3297;0,6479;0,4691
2020-10-23;"SUL";218;68;10;3;124;82;3;2;150;7;42;1;228;71;157;127;84;43;355;155;200;0,3119;0,3;0,6613;0,6667;0,3114;0,6614;0,4366
2020-10-24;"CENTRO-LESTE";109;33;0;0;80;56;0;0;76;0;24;0;109;33;76;80;56;24;189;89;100;0,3028;NA;0,7;NA;0,3028;0,7;0,4709
2020-10-24;"CENTRO-NORTE";55;10;0;0;20;8;0;0;45;0;12;0;55;10;45;20;8;12;75;18;57;0,1818;NA;0,4;NA;0,1818;0,4;0,24
2020-10-24;"EXTREMO-SUL";30;11;0;0;50;30;0;0;19;0;20;0;30;11;19;50;30;20;80;41;39;0,3667;NA;0,6;NA;0,3667;0,6;0,5125
2020-10-24;"LESTE";444;222;27;25;423;216;27;15;222;2;207;12;471;247;224;450;231;219;921;478;443;0,5;0,9259;0,5106;0,5556;0,5244;0,5133;0,519
2020-10-24;"NORDESTE";12;0;0;0;12;5;0;0;12;0;7;0;12;0;12;12;5;7;24;5;19;0;NA;0,4167;NA;0;0,4167;0,2083
2020-10-24;"NORTE";69;8;2;0;49;22;0;0;61;2;27;0;71;8;63;49;22;27;120;30;90;0,1159;0;0,449;NA;0,1127;0,449;0,25
2020-10-24;"OESTE";63;27;0;0;40;23;0;0;36;0;17;0;63;27;36;40;23;17;103;50;53;0,4286;NA;0,575;NA;0,4286;0,575;0,4854
2020-10-24;"SUDOESTE";91;28;0;0;70;41;1;0;63;0;29;1;91;28;63;71;41;30;162;69;93;0,3077;NA;0,5857;0;0,3077;0,5775;0,4259
2020-10-24;"SUL";218;77;10;3;124;80;3;2;141;7;44;1;228;80;148;127;82;45;355;162;193;0,3532;0,3;0,6452;0,6667;0,3509;0,6457;0,4563
2020-10-25;"CENTRO-LESTE";109;37;0;0;80;56;0;0;72;0;24;0;109;37;72;80;56;24;189;93;96;0,3394;NA;0,7;NA;0,3394;0,7;0,4921
2020-10-25;"CENTRO-NORTE";55;9;0;0;20;10;0;0;46;0;10;0;55;9;46;20;10;10;75;19;56;0,1636;NA;0,5;NA;0,1636;0,5;0,2533
2020-10-25;"EXTREMO-SUL";30;8;0;0;50;29;0;0;22;0;21;0;30;8;22;50;29;21;80;37;43;0,2667;NA;0,58;NA;0,2667;0,58;0,4625
2020-10-25;"LESTE";444;209;27;22;423;225;27;16;235;5;198;11;471;231;240;450;241;209;921;472;449;0,4707;0,8148;0,5319;0,5926;0,4904;0,5356;0,5125
2020-10-25;"NORDESTE";12;0;0;0;12;6;0;0;12;0;6;0;12;0;12;12;6;6;24;6;18;0;NA;0,5;NA;0;0,5;0,25
2020-10-25;"NORTE";69;8;2;0;49;25;0;0;61;2;24;0;71;8;63;49;25;24;120;33;87;0,1159;0;0,5102;NA;0,1127;0,5102;0,275
2020-10-25;"OESTE";63;28;0;0;40;18;0;0;35;0;22;0;63;28;35;40;18;22;103;46;57;0,4444;NA;0,45;NA;0,4444;0,45;0,4466
2020-10-25;"SUDOESTE";91;37;0;0;70;45;1;0;54;0;25;1;91;37;54;71;45;26;162;82;80;0,4066;NA;0,6429;0;0,4066;0,6338;0,5062
2020-10-25;"SUL";218;78;10;1;124;80;3;2;140;9;44;1;228;79;149;127;82;45;355;161;194;0,3578;0,1;0,6452;0,6667;0,3465;0,6457;0,4535
2020-10-26;"CENTRO-LESTE";109;38;0;0;80;59;0;0;71;0;21;0;109;38;71;80;59;21;189;97;92;0,3486;NA;0,7375;NA;0,3486;0,7375;0,5132
2020-10-26;"CENTRO-NORTE";55;9;0;0;20;10;0;0;46;0;10;0;55;9;46;20;10;10;75;19;56;0,1636;NA;0,5;NA;0,1636;0,5;0,2533
2020-10-26;"EXTREMO-SUL";30;9;0;0;50;30;0;0;21;0;20;0;30;9;21;50;30;20;80;39;41;0,3;NA;0,6;NA;0,3;0,6;0,4875
2020-10-26;"LESTE";444;205;27;19;423;215;27;18;239;8;208;9;471;224;247;450;233;217;921;457;464;0,4617;0,7037;0,5083;0,6667;0,4756;0,5178;0,4962
2020-10-26;"NORDESTE";12;0;0;0;12;4;0;0;12;0;8;0;12;0;12;12;4;8;24;4;20;0;NA;0,3333;NA;0;0,3333;0,1667
2020-10-26;"NORTE";69;8;2;0;49;23;0;0;61;2;26;0;71;8;63;49;23;26;120;31;89;0,1159;0;0,4694;NA;0,1127;0,4694;0,2583
2020-10-26;"OESTE";63;34;0;0;40;18;0;0;29;0;22;0;63;34;29;40;18;22;103;52;51;0,5397;NA;0,45;NA;0,5397;0,45;0,5049
2020-10-26;"SUDOESTE";91;36;0;0;70;49;1;0;55;0;21;1;91;36;55;71;49;22;162;85;77;0,3956;NA;0,7;0;0,3956;0,6901;0,5247
2020-10-26;"SUL";218;79;10;1;124;83;3;2;139;9;41;1;228;80;148;127;85;42;355;165;190;0,3624;0,1;0,6694;0,6667;0,3509;0,6693;0,4648
2020-10-27;"CENTRO-LESTE";109;39;0;0;80;58;0;0;70;0;22;0;109;39;70;80;58;22;189;97;92;0,3578;NA;0,725;NA;0,3578;0,725;0,5132
2020-10-27;"CENTRO-NORTE";55;11;0;0;20;10;0;0;44;0;10;0;55;11;44;20;10;10;75;21;54;0,2;NA;0,5;NA;0,2;0,5;0,28
2020-10-27;"EXTREMO-SUL";30;9;0;0;50;28;0;0;21;0;22;0;30;9;21;50;28;22;80;37;43;0,3;NA;0,56;NA;0,3;0,56;0,4625
2020-10-27;"LESTE";444;223;27;19;423;209;27;20;221;8;214;7;471;242;229;450;229;221;921;471;450;0,5023;0,7037;0,4941;0,7407;0,5138;0,5089;0,5114
2020-10-27;"NORDESTE";12;0;0;0;12;2;0;0;12;0;10;0;12;0;12;12;2;10;24;2;22;0;NA;0,1667;NA;0;0,1667;0,0833
2020-10-27;"NORTE";69;8;2;0;49;25;0;0;61;2;24;0;71;8;63;49;25;24;120;33;87;0,1159;0;0,5102;NA;0,1127;0,5102;0,275
2020-10-27;"OESTE";63;33;0;0;40;20;0;0;30;0;20;0;63;33;30;40;20;20;103;53;50;0,5238;NA;0,5;NA;0,5238;0,5;0,5146
2020-10-27;"SUDOESTE";91;31;0;0;70;47;1;0;60;0;23;1;91;31;60;71;47;24;162;78;84;0,3407;NA;0,6714;0;0,3407;0,662;0,4815
2020-10-27;"SUL";218;75;10;1;124;73;3;2;143;9;51;1;228;76;152;127;75;52;355;151;204;0,344;0,1;0,5887;0,6667;0,3333;0,5906;0,4254
2020-10-28;"CENTRO-LESTE";109;41;0;0;80;52;0;0;68;0;28;0;109;41;68;80;52;28;189;93;96;0,3761;NA;0,65;NA;0,3761;0,65;0,4921
2020-10-28;"CENTRO-NORTE";55;11;0;0;20;9;0;0;44;0;11;0;55;11;44;20;9;11;75;20;55;0,2;NA;0,45;NA;0,2;0,45;0,2667
2020-10-28;"EXTREMO-SUL";30;10;0;0;45;27;0;0;20;0;18;0;30;10;20;45;27;18;75;37;38;0,3333;NA;0,6;NA;0,3333;0,6;0,4933
2020-10-28;"LESTE";444;220;37;28;423;214;27;16;224;9;209;11;481;248;233;450;230;220;931;478;453;0,4955;0,7568;0,5059;0,5926;0,5156;0,5111;0,5134
2020-10-28;"NORDESTE";12;0;0;0;12;3;0;0;12;0;9;0;12;0;12;12;3;9;24;3;21;0;NA;0,25;NA;0;0,25;0,125
2020-10-28;"NORTE";69;8;2;0;49;28;0;0;61;2;21;0;71;8;63;49;28;21;120;36;84;0,1159;0;0,5714;NA;0,1127;0,5714;0,3
2020-10-28;"OESTE";63;26;0;0;40;24;0;0;37;0;16;0;63;26;37;40;24;16;103;50;53;0,4127;NA;0,6;NA;0,4127;0,6;0,4854
2020-10-28;"SUDOESTE";91;27;0;0;70;45;1;1;64;0;25;0;91;27;64;71;46;25;162;73;89;0,2967;NA;0,6429;1;0,2967;0,6479;0,4506
2020-10-28;"SUL";192;80;10;1;124;76;3;1;112;9;48;2;202;81;121;127;77;50;329;158;171;0,4167;0,1;0,6129;0,3333;0,401;0,6063;0,4802
2020-10-29;"CENTRO-LESTE";109;42;0;0;80;53;0;0;67;0;27;0;109;42;67;80;53;27;189;95;94;0,3853;NA;0,6625;NA;0,3853;0,6625;0,5026
2020-10-29;"CENTRO-NORTE";55;13;0;0;20;9;0;0;42;0;11;0;55;13;42;20;9;11;75;22;53;0,2364;NA;0,45;NA;0,2364;0,45;0,2933
2020-10-29;"EXTREMO-SUL";30;9;0;0;45;23;0;0;21;0;22;0;30;9;21;45;23;22;75;32;43;0,3;NA;0,5111;NA;0,3;0,5111;0,4267
2020-10-29;"LESTE";444;215;37;29;423;215;27;15;229;8;208;12;481;244;237;450;230;220;931;474;457;0,4842;0,7838;0,5083;0,5556;0,5073;0,5111;0,5091
2020-10-29;"NORDESTE";12;0;0;0;12;4;0;0;12;0;8;0;12;0;12;12;4;8;24;4;20;0;NA;0,3333;NA;0;0,3333;0,1667
2020-10-29;"NORTE";69;7;2;0;49;29;0;0;62;2;20;0;71;7;64;49;29;20;120;36;84;0,1014;0;0,5918;NA;0,0986;0,5918;0,3
2020-10-29;"OESTE";63;26;0;0;40;22;0;0;37;0;18;0;63;26;37;40;22;18;103;48;55;0,4127;NA;0,55;NA;0,4127;0,55;0,466
2020-10-29;"SUDOESTE";91;27;0;0;70;46;1;1;64;0;24;0;91;27;64;71;47;24;162;74;88;0,2967;NA;0,6571;1;0,2967;0,662;0,4568
2020-10-29;"SUL";192;66;10;1;124;79;3;1;126;9;45;2;202;67;135;127;80;47;329;147;182;0,3438;0,1;0,6371;0,3333;0,3317;0,6299;0,4468
2020-10-30;"CENTRO-LESTE";109;41;0;0;80;53;0;0;68;0;27;0;109;41;68;80;53;27;189;94;95;0,3761;NA;0,6625;NA;0,3761;0,6625;0,4974
2020-10-30;"CENTRO-NORTE";55;13;0;0;20;10;0;0;42;0;10;0;55;13;42;20;10;10;75;23;52;0,2364;NA;0,5;NA;0,2364;0,5;0,3067
2020-10-30;"EXTREMO-SUL";30;8;0;0;45;25;0;0;22;0;20;0;30;8;22;45;25;20;75;33;42;0,2667;NA;0,5556;NA;0,2667;0,5556;0,44
2020-10-30;"LESTE";444;210;37;35;423;208;27;16;234;2;215;11;481;245;236;450;224;226;931;469;462;0,473;0,9459;0,4917;0,5926;0,5094;0,4978;0,5038
2020-10-30;"NORDESTE";12;0;0;0;12;6;0;0;12;0;6;0;12;0;12;12;6;6;24;6;18;0;NA;0,5;NA;0;0,5;0,25
2020-10-30;"NORTE";69;7;2;0;49;26;0;0;62;2;23;0;71;7;64;49;26;23;120;33;87;0,1014;0;0,5306;NA;0,0986;0,5306;0,275
2020-10-30;"OESTE";63;28;0;0;40;23;0;0;35;0;17;0;63;28;35;40;23;17;103;51;52;0,4444;NA;0,575;NA;0,4444;0,575;0,4951
2020-10-30;"SUDOESTE";91;26;0;0;70;43;1;1;65;0;27;0;91;26;65;71;44;27;162;70;92;0,2857;NA;0,6143;1;0,2857;0,6197;0,4321
2020-10-30;"SUL";192;68;10;2;124;78;3;2;124;8;46;1;202;70;132;127;80;47;329;150;179;0,3542;0,2;0,629;0,6667;0,3465;0,6299;0,4559
2020-10-31;"CENTRO-LESTE";109;38;0;0;80;52;0;0;71;0;28;0;109;38;71;80;52;28;189;90;99;0,3486;NA;0,65;NA;0,3486;0,65;0,4762
2020-10-31;"CENTRO-NORTE";55;7;0;0;20;10;0;0;48;0;10;0;55;7;48;20;10;10;75;17;58;0,1273;NA;0,5;NA;0,1273;0,5;0,2267
2020-10-31;"EXTREMO-SUL";30;7;0;0;45;24;0;0;23;0;21;0;30;7;23;45;24;21;75;31;44;0,2333;NA;0,5333;NA;0,2333;0,5333;0,4133
2020-10-31;"LESTE";444;199;37;28;423;210;27;10;245;9;213;17;481;227;254;450;220;230;931;447;484;0,4482;0,7568;0,4965;0,3704;0,4719;0,4889;0,4801
2020-10-31;"NORDESTE";12;0;0;0;12;6;0;0;12;0;6;0;12;0;12;12;6;6;24;6;18;0;NA;0,5;NA;0;0,5;0,25
2020-10-31;"NORTE";69;9;2;0;49;28;0;0;60;2;21;0;71;9;62;49;28;21;120;37;83;0,1304;0;0,5714;NA;0,1268;0,5714;0,3083
2020-10-31;"OESTE";63;25;0;0;40;22;0;0;38;0;18;0;63;25;38;40;22;18;103;47;56;0,3968;NA;0,55;NA;0,3968;0,55;0,4563
2020-10-31;"SUDOESTE";91;29;0;0;70;40;1;1;62;0;30;0;91;29;62;71;41;30;162;70;92;0,3187;NA;0,5714;1;0,3187;0,5775;0,4321
2020-10-31;"SUL";192;66;10;2;124;75;3;2;126;8;49;1;202;68;134;127;77;50;329;145;184;0,3438;0,2;0,6048;0,6667;0,3366;0,6063;0,4407
2020-11-01;"CENTRO-LESTE";109;44;0;0;80;54;0;0;65;0;26;0;109;44;65;80;54;26;189;98;91;0,4037;NA;0,675;NA;0,4037;0,675;0,5185
2020-11-01;"CENTRO-NORTE";55;5;0;0;20;10;0;0;50;0;10;0;55;5;50;20;10;10;75;15;60;0,0909;NA;0,5;NA;0,0909;0,5;0,2
2020-11-01;"EXTREMO-SUL";30;7;0;0;45;23;0;0;23;0;22;0;30;7;23;45;23;22;75;30;45;0,2333;NA;0,5111;NA;0,2333;0,5111;0,4
2020-11-01;"LESTE";444;203;37;26;423;206;27;12;241;11;217;15;481;229;252;450;218;232;931;447;484;0,4572;0,7027;0,487;0,4444;0,4761;0,4844;0,4801
2020-11-01;"NORDESTE";12;0;0;0;12;6;0;0;12;0;6;0;12;0;12;12;6;6;24;6;18;0;NA;0,5;NA;0;0,5;0,25
2020-11-01;"NORTE";69;9;2;0;49;29;0;0;60;2;20;0;71;9;62;49;29;20;120;38;82;0,1304;0;0,5918;NA;0,1268;0,5918;0,3167
2020-11-01;"OESTE";63;27;0;0;40;23;0;0;36;0;17;0;63;27;36;40;23;17;103;50;53;0,4286;NA;0,575;NA;0,4286;0,575;0,4854
2020-11-01;"SUDOESTE";91;28;0;0;70;41;1;1;63;0;29;0;91;28;63;71;42;29;162;70;92;0,3077;NA;0,5857;1;0,3077;0,5915;0,4321
2020-11-01;"SUL";192;60;10;1;124;74;3;3;132;9;50;0;202;61;141;127;77;50;329;138;191;0,3125;0,1;0,5968;1;0,302;0,6063;0,4195
2020-11-02;"CENTRO-LESTE";109;47;0;0;80;54;0;0;62;0;26;0;109;47;62;80;54;26;189;101;88;0,4312;NA;0,675;NA;0,4312;0,675;0,5344
2020-11-02;"CENTRO-NORTE";55;5;0;0;20;10;0;0;50;0;10;0;55;5;50;20;10;10;75;15;60;0,0909;NA;0,5;NA;0,0909;0,5;0,2
2020-11-02;"EXTREMO-SUL";30;11;0;0;45;20;0;0;19;0;25;0;30;11;19;45;20;25;75;31;44;0,3667;NA;0,4444;NA;0,3667;0,4444;0,4133
2020-11-02;"LESTE";444;203;37;27;423;204;27;13;241;10;219;14;481;230;251;450;217;233;931;447;484;0,4572;0,7297;0,4823;0,4815;0,4782;0,4822;0,4801
2020-11-02;"NORDESTE";12;0;0;0;12;4;0;0;12;0;8;0;12;0;12;12;4;8;24;4;20;0;NA;0,3333;NA;0;0,3333;0,1667
2020-11-02;"NORTE";69;9;2;0;49;31;0;0;60;2;18;0;71;9;62;49;31;18;120;40;80;0,1304;0;0,6327;NA;0,1268;0,6327;0,3333
2020-11-02;"OESTE";63;26;0;0;40;24;0;0;37;0;16;0;63;26;37;40;24;16;103;50;53;0,4127;NA;0,6;NA;0,4127;0,6;0,4854
2020-11-02;"SUDOESTE";91;33;0;0;70;36;1;1;58;0;34;0;91;33;58;71;37;34;162;70;92;0,3626;NA;0,5143;1;0,3626;0,5211;0,4321
2020-11-02;"SUL";192;63;10;1;124;74;3;3;129;9;50;0;202;64;138;127;77;50;329;141;188;0,3281;0,1;0,5968;1;0,3168;0,6063;0,4286
2020-11-03;"CENTRO-LESTE";109;44;0;0;80;50;0;0;65;0;30;0;109;44;65;80;50;30;189;94;95;0,4037;NA;0,625;NA;0,4037;0,625;0,4974
2020-11-03;"CENTRO-NORTE";55;5;0;0;20;10;0;0;50;0;10;0;55;5;50;20;10;10;75;15;60;0,0909;NA;0,5;NA;0,0909;0,5;0,2
2020-11-03;"EXTREMO-SUL";30;8;0;0;45;21;0;0;22;0;24;0;30;8;22;45;21;24;75;29;46;0,2667;NA;0,4667;NA;0,2667;0,4667;0,3867
2020-11-03;"LESTE";444;201;37;26;423;201;27;12;243;11;222;15;481;227;254;450;213;237;931;440;491;0,4527;0,7027;0,4752;0,4444;0,4719;0,4733;0,4726
2020-11-03;"NORDESTE";12;0;0;0;12;5;0;0;12;0;7;0;12;0;12;12;5;7;24;5;19;0;NA;0,4167;NA;0;0,4167;0,2083
2020-11-03;"NORTE";69;11;2;0;49;30;0;0;58;2;19;0;71;11;60;49;30;19;120;41;79;0,1594;0;0,6122;NA;0,1549;0,6122;0,3417
2020-11-03;"OESTE";63;27;0;0;40;29;0;0;36;0;11;0;63;27;36;40;29;11;103;56;47;0,4286;NA;0,725;NA;0,4286;0,725;0,5437
2020-11-03;"SUDOESTE";91;41;0;0;70;33;1;1;50;0;37;0;91;41;50;71;34;37;162;75;87;0,4505;NA;0,4714;1;0,4505;0,4789;0,463
2020-11-03;"SUL";192;68;10;4;124;71;3;2;124;6;53;1;202;72;130;127;73;54;329;145;184;0,3542;0,4;0,5726;0,6667;0,3564;0,5748;0,4407
2020-11-04;"CENTRO-LESTE";109;38;0;0;80;47;0;0;71;0;33;0;109;38;71;80;47;33;189;85;104;0,3486;NA;0,5875;NA;0,3486;0,5875;0,4497
2020-11-04;"CENTRO-NORTE";55;7;0;0;20;7;0;0;48;0;13;0;55;7;48;20;7;13;75;14;61;0,1273;NA;0,35;NA;0,1273;0,35;0,1867
2020-11-04;"EXTREMO-SUL";30;7;0;0;45;21;0;0;23;0;24;0;30;7;23;45;21;24;75;28;47;0,2333;NA;0,4667;NA;0,2333;0,4667;0,3733
2020-11-04;"LESTE";444;198;37;23;423;197;27;12;246;14;226;15;481;221;260;450;209;241;931;430;501;0,4459;0,6216;0,4657;0,4444;0,4595;0,4644;0,4619
2020-11-04;"NORDESTE";12;0;0;0;12;8;0;0;12;0;4;0;12;0;12;12;8;4;24;8;16;0;NA;0,6667;NA;0;0,6667;0,3333
2020-11-04;"NORTE";69;16;2;0;49;29;0;0;53;2;20;0;71;16;55;49;29;20;120;45;75;0,2319;0;0,5918;NA;0,2254;0,5918;0,375
2020-11-04;"OESTE";63;23;0;0;40;28;0;0;40;0;12;0;63;23;40;40;28;12;103;51;52;0,3651;NA;0,7;NA;0,3651;0,7;0,4951
2020-11-04;"SUDOESTE";91;36;0;0;70;45;1;1;55;0;25;0;91;36;55;71;46;25;162;82;80;0,3956;NA;0,6429;1;0,3956;0,6479;0,5062
2020-11-04;"SUL";157;67;10;3;109;66;3;1;90;7;43;2;167;70;97;112;67;45;279;137;142;0,4268;0,3;0,6055;0,3333;0,4192;0,5982;0,491
2020-11-05;"CENTRO-LESTE";109;38;0;0;80;49;0;0;71;0;31;0;109;38;71;80;49;31;189;87;102;0,3486;NA;0,6125;NA;0,3486;0,6125;0,4603
2020-11-05;"CENTRO-NORTE";55;7;0;0;20;9;0;0;48;0;11;0;55;7;48;20;9;11;75;16;59;0,1273;NA;0,45;NA;0,1273;0,45;0,2133
2020-11-05;"EXTREMO-SUL";30;7;0;0;45;22;0;0;23;0;23;0;30;7;23;45;22;23;75;29;46;0,2333;NA;0,4889;NA;0,2333;0,4889;0,3867
2020-11-05;"LESTE";434;188;37;25;418;213;27;13;246;12;205;14;471;213;258;445;226;219;916;439;477;0,4332;0,6757;0,5096;0,4815;0,4522;0,5079;0,4793
2020-11-05;"NORDESTE";12;0;0;0;12;8;0;0;12;0;4;0;12;0;12;12;8;4;24;8;16;0;NA;0,6667;NA;0;0,6667;0,3333
2020-11-05;"NORTE";69;10;0;0;49;26;0;0;59;0;23;0;69;10;59;49;26;23;118;36;82;0,1449;NA;0,5306;NA;0,1449;0,5306;0,3051
2020-11-05;"OESTE";63;20;0;0;40;26;0;0;43;0;14;0;63;20;43;40;26;14;103;46;57;0,3175;NA;0,65;NA;0,3175;0,65;0,4466
2020-11-05;"SUDOESTE";91;40;0;0;70;35;1;1;51;0;35;0;91;40;51;71;36;35;162;76;86;0,4396;NA;0,5;1;0,4396;0,507;0,4691
2020-11-05;"SUL";157;60;10;3;109;72;3;2;97;7;37;1;167;63;104;112;74;38;279;137;142;0,3822;0,3;0,6606;0,6667;0,3772;0,6607;0,491
2020-11-06;"CENTRO-LESTE";109;36;0;0;80;47;0;0;73;0;33;0;109;36;73;80;47;33;189;83;106;0,3303;NA;0,5875;NA;0,3303;0,5875;0,4392
2020-11-06;"CENTRO-NORTE";55;5;0;0;20;11;0;0;50;0;9;0;55;5;50;20;11;9;75;16;59;0,0909;NA;0,55;NA;0,0909;0,55;0,2133
2020-11-06;"EXTREMO-SUL";30;4;0;0;45;21;0;0;26;0;24;0;30;4;26;45;21;24;75;25;50;0,1333;NA;0,4667;NA;0,1333;0,4667;0,3333
2020-11-06;"LESTE";434;189;37;25;418;219;27;15;245;12;199;12;471;214;257;445;234;211;916;448;468;0,4355;0,6757;0,5239;0,5556;0,4544;0,5258;0,4891
2020-11-06;"NORDESTE";12;0;0;0;12;6;0;0;12;0;6;0;12;0;12;12;6;6;24;6;18;0;NA;0,5;NA;0;0,5;0,25
2020-11-06;"NORTE";69;11;0;0;49;30;0;0;58;0;19;0;69;11;58;49;30;19;118;41;77;0,1594;NA;0,6122;NA;0,1594;0,6122;0,3475
2020-11-06;"OESTE";63;23;0;0;40;28;0;0;40;0;12;0;63;23;40;40;28;12;103;51;52;0,3651;NA;0,7;NA;0,3651;0,7;0,4951
2020-11-06;"SUDOESTE";91;42;0;0;70;34;1;1;49;0;36;0;91;42;49;71;35;36;162;77;85;0,4615;NA;0,4857;1;0,4615;0,493;0,4753
2020-11-06;"SUL";157;68;10;2;109;64;3;2;89;8;45;1;167;70;97;112;66;46;279;136;143;0,4331;0,2;0,5872;0,6667;0,4192;0,5893;0,4875
2020-11-07;"CENTRO-LESTE";109;38;0;0;80;42;0;0;71;0;38;0;109;38;71;80;42;38;189;80;109;0,3486;NA;0,525;NA;0,3486;0,525;0,4233
2020-11-07;"CENTRO-NORTE";55;4;0;0;20;10;0;0;51;0;10;0;55;4;51;20;10;10;75;14;61;0,0727;NA;0,5;NA;0,0727;0,5;0,1867
2020-11-07;"EXTREMO-SUL";30;5;0;0;45;21;0;0;25;0;24;0;30;5;25;45;21;24;75;26;49;0,1667;NA;0,4667;NA;0,1667;0,4667;0,3467
2020-11-07;"LESTE";434;202;37;23;418;214;27;14;232;14;204;13;471;225;246;445;228;217;916;453;463;0,4654;0,6216;0,512;0,5185;0,4777;0,5124;0,4945
2020-11-07;"NORDESTE";12;0;0;0;12;4;0;0;12;0;8;0;12;0;12;12;4;8;24;4;20;0;NA;0,3333;NA;0;0,3333;0,1667
2020-11-07;"NORTE";69;12;0;0;49;33;0;0;57;0;16;0;69;12;57;49;33;16;118;45;73;0,1739;NA;0,6735;NA;0,1739;0,6735;0,3814
2020-11-07;"OESTE";63;22;0;0;40;25;0;0;41;0;15;0;63;22;41;40;25;15;103;47;56;0,3492;NA;0,625;NA;0,3492;0,625;0,4563
2020-11-07;"SUDOESTE";91;33;0;0;70;30;1;1;58;0;40;0;91;33;58;71;31;40;162;64;98;0,3626;NA;0,4286;1;0,3626;0,4366;0,3951
2020-11-07;"SUL";157;63;10;1;109;68;3;2;94;9;41;1;167;64;103;112;70;42;279;134;145;0,4013;0,1;0,6239;0,6667;0,3832;0,625;0,4803
2020-11-08;"CENTRO-LESTE";109;39;0;0;80;48;0;0;70;0;32;0;109;39;70;80;48;32;189;87;102;0,3578;NA;0,6;NA;0,3578;0,6;0,4603
2020-11-08;"CENTRO-NORTE";55;5;0;0;20;10;0;0;50;0;10;0;55;5;50;20;10;10;75;15;60;0,0909;NA;0,5;NA;0,0909;0,5;0,2
2020-11-08;"EXTREMO-SUL";30;5;0;0;45;21;0;0;25;0;24;0;30;5;25;45;21;24;75;26;49;0,1667;NA;0,4667;NA;0,1667;0,4667;0,3467
2020-11-08;"LESTE";434;201;37;20;418;208;27;12;233;17;210;15;471;221;250;445;220;225;916;441;475;0,4631;0,5405;0,4976;0,4444;0,4692;0,4944;0,4814
2020-11-08;"NORDESTE";12;0;0;0;12;4;0;0;12;0;8;0;12;0;12;12;4;8;24;4;20;0;NA;0,3333;NA;0;0,3333;0,1667
2020-11-08;"NORTE";69;15;0;0;49;32;0;0;54;0;17;0;69;15;54;49;32;17;118;47;71;0,2174;NA;0,6531;NA;0,2174;0,6531;0,3983
2020-11-08;"OESTE";63;23;0;0;40;24;0;0;40;0;16;0;63;23;40;40;24;16;103;47;56;0,3651;NA;0,6;NA;0,3651;0,6;0,4563
2020-11-08;"SUDOESTE";91;34;0;0;70;28;1;1;57;0;42;0;91;34;57;71;29;42;162;63;99;0,3736;NA;0,4;1;0,3736;0,4085;0,3889
2020-11-08;"SUL";157;66;10;1;109;65;3;2;91;9;44;1;167;67;100;112;67;45;279;134;145;0,4204;0,1;0,5963;0,6667;0,4012;0,5982;0,4803
2020-11-09;"CENTRO-LESTE";109;40;0;0;80;42;0;0;69;0;38;0;109;40;69;80;42;38;189;82;107;0,367;NA;0,525;NA;0,367;0,525;0,4339
2020-11-09;"CENTRO-NORTE";55;10;0;0;20;8;0;0;45;0;12;0;55;10;45;20;8;12;75;18;57;0,1818;NA;0,4;NA;0,1818;0,4;0,24
2020-11-09;"EXTREMO-SUL";30;7;0;0;45;19;0;0;23;0;26;0;30;7;23;45;19;26;75;26;49;0,2333;NA;0,4222;NA;0,2333;0,4222;0,3467
2020-11-09;"LESTE";434;196;37;20;418;217;27;12;238;17;201;15;471;216;255;445;229;216;916;445;471;0,4516;0,5405;0,5191;0,4444;0,4586;0,5146;0,4858
2020-11-09;"NORDESTE";12;0;0;0;12;3;0;0;12;0;9;0;12;0;12;12;3;9;24;3;21;0;NA;0,25;NA;0;0,25;0,125
2020-11-09;"NORTE";69;16;0;0;49;31;0;0;53;0;18;0;69;16;53;49;31;18;118;47;71;0,2319;NA;0,6327;NA;0,2319;0,6327;0,3983
2020-11-09;"OESTE";63;21;0;0;40;24;0;0;42;0;16;0;63;21;42;40;24;16;103;45;58;0,3333;NA;0,6;NA;0,3333;0,6;0,4369
2020-11-09;"SUDOESTE";91;35;0;0;70;28;1;1;56;0;42;0;91;35;56;71;29;42;162;64;98;0,3846;NA;0,4;1;0,3846;0,4085;0,3951
2020-11-09;"SUL";157;63;10;1;109;62;3;2;94;9;47;1;167;64;103;112;64;48;279;128;151;0,4013;0,1;0,5688;0,6667;0,3832;0,5714;0,4588
2020-11-10;"CENTRO-LESTE";109;43;0;0;80;54;0;0;66;0;26;0;109;43;66;80;54;26;189;97;92;0,3945;NA;0,675;NA;0,3945;0,675;0,5132
2020-11-10;"CENTRO-NORTE";55;13;0;0;20;8;0;0;42;0;12;0;55;13;42;20;8;12;75;21;54;0,2364;NA;0,4;NA;0,2364;0,4;0,28
2020-11-10;"EXTREMO-SUL";30;7;0;0;45;20;0;0;23;0;25;0;30;7;23;45;20;25;75;27;48;0,2333;NA;0,4444;NA;0,2333;0,4444;0,36
2020-11-10;"LESTE";434;211;37;20;418;208;27;13;223;17;210;14;471;231;240;445;221;224;916;452;464;0,4862;0,5405;0,4976;0,4815;0,4904;0,4966;0,4934
2020-11-10;"NORDESTE";12;0;0;0;12;4;0;0;12;0;8;0;12;0;12;12;4;8;24;4;20;0;NA;0,3333;NA;0;0,3333;0,1667
2020-11-10;"NORTE";69;16;0;0;49;29;0;0;53;0;20;0;69;16;53;49;29;20;118;45;73;0,2319;NA;0,5918;NA;0,2319;0,5918;0,3814
2020-11-10;"OESTE";63;23;0;0;40;23;0;0;40;0;17;0;63;23;40;40;23;17;103;46;57;0,3651;NA;0,575;NA;0,3651;0,575;0,4466
2020-11-10;"SUDOESTE";91;34;0;0;70;30;1;1;57;0;40;0;91;34;57;71;31;40;162;65;97;0,3736;NA;0,4286;1;0,3736;0,4366;0,4012
2020-11-10;"SUL";157;65;10;3;109;56;3;1;92;7;53;2;167;68;99;112;57;55;279;125;154;0,414;0,3;0,5138;0,3333;0,4072;0,5089;0,448
2020-11-11;"CENTRO-LESTE";109;43;0;0;80;49;0;0;66;0;31;0;109;43;66;80;49;31;189;92;97;0,3945;NA;0,6125;NA;0,3945;0,6125;0,4868
2020-11-11;"CENTRO-NORTE";55;13;0;0;20;9;0;0;42;0;11;0;55;13;42;20;9;11;75;22;53;0,2364;NA;0,45;NA;0,2364;0,45;0,2933
2020-11-11;"EXTREMO-SUL";30;7;0;0;45;23;0;0;23;0;22;0;30;7;23;45;23;22;75;30;45;0,2333;NA;0,5111;NA;0,2333;0,5111;0,4
2020-11-11;"LESTE";434;218;37;18;418;214;27;16;216;19;204;11;471;236;235;445;230;215;916;466;450;0,5023;0,4865;0,512;0,5926;0,5011;0,5169;0,5087
2020-11-11;"NORDESTE";12;0;0;0;12;6;0;0;12;0;6;0;12;0;12;12;6;6;24;6;18;0;NA;0,5;NA;0;0,5;0,25
2020-11-11;"NORTE";69;14;0;0;39;21;0;0;55;0;18;0;69;14;55;39;21;18;108;35;73;0,2029;NA;0,5385;NA;0,2029;0,5385;0,3241
2020-11-11;"OESTE";63;23;0;0;40;23;0;0;40;0;17;0;63;23;40;40;23;17;103;46;57;0,3651;NA;0,575;NA;0,3651;0,575;0,4466
2020-11-11;"SUDOESTE";91;34;0;0;60;32;0;0;57;0;28;0;91;34;57;60;32;28;151;66;85;0,3736;NA;0,5333;NA;0,3736;0,5333;0,4371
2020-11-11;"SUL";157;55;10;3;109;57;3;1;102;7;52;2;167;58;109;112;58;54;279;116;163;0,3503;0,3;0,5229;0,3333;0,3473;0,5179;0,4158
2020-11-12;"CENTRO-LESTE";109;48;0;0;80;49;0;0;61;0;31;0;109;48;61;80;49;31;189;97;92;0,4404;NA;0,6125;NA;0,4404;0,6125;0,5132
2020-11-12;"CENTRO-NORTE";55;13;0;0;20;9;0;0;42;0;11;0;55;13;42;20;9;11;75;22;53;0,2364;NA;0,45;NA;0,2364;0,45;0,2933
2020-11-12;"EXTREMO-SUL";30;7;0;0;45;20;0;0;23;0;25;0;30;7;23;45;20;25;75;27;48;0,2333;NA;0,4444;NA;0,2333;0,4444;0,36
2020-11-12;"LESTE";434;223;37;23;418;217;27;17;211;14;201;10;471;246;225;445;234;211;916;480;436;0,5138;0,6216;0,5191;0,6296;0,5223;0,5258;0,524
2020-11-12;"NORDESTE";12;0;0;0;12;6;0;0;12;0;6;0;12;0;12;12;6;6;24;6;18;0;NA;0,5;NA;0;0,5;0,25
2020-11-12;"NORTE";69;14;0;0;39;25;0;0;55;0;14;0;69;14;55;39;25;14;108;39;69;0,2029;NA;0,641;NA;0,2029;0,641;0,3611
2020-11-12;"OESTE";63;22;0;0;40;22;0;0;41;0;18;0;63;22;41;40;22;18;103;44;59;0,3492;NA;0,55;NA;0,3492;0,55;0,4272
2020-11-12;"SUDOESTE";91;26;0;0;60;33;0;0;65;0;27;0;91;26;65;60;33;27;151;59;92;0,2857;NA;0,55;NA;0,2857;0,55;0,3907
2020-11-12;"SUL";157;55;10;3;109;60;3;0;102;7;49;3;167;58;109;112;60;52;279;118;161;0,3503;0,3;0,5505;0;0,3473;0,5357;0,4229
2020-11-13;"CENTRO-LESTE";109;53;0;0;80;49;0;0;56;0;31;0;109;53;56;80;49;31;189;102;87;0,4862;NA;0,6125;NA;0,4862;0,6125;0,5397
2020-11-13;"CENTRO-NORTE";55;7;0;0;20;14;0;0;48;0;6;0;55;7;48;20;14;6;75;21;54;0,1273;NA;0,7;NA;0,1273;0,7;0,28
2020-11-13;"EXTREMO-SUL";30;7;0;0;45;15;0;0;23;0;30;0;30;7;23;45;15;30;75;22;53;0,2333;NA;0,3333;NA;0,2333;0,3333;0,2933
2020-11-13;"LESTE";434;216;37;26;418;225;27;18;218;11;193;9;471;242;229;445;243;202;916;485;431;0,4977;0,7027;0,5383;0,6667;0,5138;0,5461;0,5295
2020-11-13;"NORDESTE";12;0;0;0;12;5;0;0;12;0;7;0;12;0;12;12;5;7;24;5;19;0;NA;0,4167;NA;0;0,4167;0,2083
2020-11-13;"NORTE";69;7;0;0;39;23;0;0;62;0;16;0;69;7;62;39;23;16;108;30;78;0,1014;NA;0,5897;NA;0,1014;0,5897;0,2778
2020-11-13;"OESTE";63;22;0;0;40;19;0;0;41;0;21;0;63;22;41;40;19;21;103;41;62;0,3492;NA;0,475;NA;0,3492;0,475;0,3981
2020-11-13;"SUDOESTE";91;23;0;0;60;31;0;0;68;0;29;0;91;23;68;60;31;29;151;54;97;0,2527;NA;0,5167;NA;0,2527;0,5167;0,3576
2020-11-13;"SUL";157;57;10;2;109;59;3;0;100;8;50;3;167;59;108;112;59;53;279;118;161;0,3631;0,2;0,5413;0;0,3533;0,5268;0,4229
2020-11-14;"CENTRO-LESTE";109;50;0;0;80;51;0;0;59;0;29;0;109;50;59;80;51;29;189;101;88;0,4587;NA;0,6375;NA;0,4587;0,6375;0,5344
2020-11-14;"CENTRO-NORTE";55;9;0;0;20;13;0;0;46;0;7;0;55;9;46;20;13;7;75;22;53;0,1636;NA;0,65;NA;0,1636;0,65;0,2933
2020-11-14;"EXTREMO-SUL";30;7;0;0;45;15;0;0;23;0;30;0;30;7;23;45;15;30;75;22;53;0,2333;NA;0,3333;NA;0,2333;0,3333;0,2933
2020-11-14;"LESTE";434;212;37;27;418;240;27;18;222;10;178;9;471;239;232;445;258;187;916;497;419;0,4885;0,7297;0,5742;0,6667;0,5074;0,5798;0,5426
2020-11-14;"NORDESTE";12;0;0;0;12;5;0;0;12;0;7;0;12;0;12;12;5;7;24;5;19;0;NA;0,4167;NA;0;0,4167;0,2083
2020-11-14;"NORTE";69;7;0;0;39;24;0;0;62;0;15;0;69;7;62;39;24;15;108;31;77;0,1014;NA;0,6154;NA;0,1014;0,6154;0,287
2020-11-14;"OESTE";63;19;0;0;40;20;0;0;44;0;20;0;63;19;44;40;20;20;103;39;64;0,3016;NA;0,5;NA;0,3016;0,5;0,3786
2020-11-14;"SUDOESTE";91;26;0;0;60;33;0;0;65;0;27;0;91;26;65;60;33;27;151;59;92;0,2857;NA;0,55;NA;0,2857;0,55;0,3907
2020-11-14;"SUL";157;57;10;2;109;62;3;0;100;8;47;3;167;59;108;112;62;50;279;121;158;0,3631;0,2;0,5688;0;0,3533;0,5536;0,4337
2020-11-15;"CENTRO-LESTE";109;54;0;0;80;55;0;0;55;0;25;0;109;54;55;80;55;25;189;109;80;0,4954;NA;0,6875;NA;0,4954;0,6875;0,5767
2020-11-15;"CENTRO-NORTE";55;8;0;0;20;13;0;0;47;0;7;0;55;8;47;20;13;7;75;21;54;0,1455;NA;0,65;NA;0,1455;0,65;0,28
2020-11-15;"EXTREMO-SUL";30;9;0;0;45;17;0;0;21;0;28;0;30;9;21;45;17;28;75;26;49;0,3;NA;0,3778;NA;0,3;0,3778;0,3467
2020-11-15;"LESTE";434;211;37;26;418;227;27;14;223;11;191;13;471;237;234;445;241;204;916;478;438;0,4862;0,7027;0,5431;0,5185;0,5032;0,5416;0,5218
2020-11-15;"NORDESTE";12;0;0;0;12;5;0;0;12;0;7;0;12;0;12;12;5;7;24;5;19;0;NA;0,4167;NA;0;0,4167;0,2083
2020-11-15;"NORTE";69;11;0;0;39;24;0;0;58;0;15;0;69;11;58;39;24;15;108;35;73;0,1594;NA;0,6154;NA;0,1594;0,6154;0,3241
2020-11-15;"OESTE";63;16;0;0;40;20;0;0;47;0;20;0;63;16;47;40;20;20;103;36;67;0,254;NA;0,5;NA;0,254;0,5;0,3495
2020-11-15;"SUDOESTE";91;27;0;0;60;34;0;0;64;0;26;0;91;27;64;60;34;26;151;61;90;0,2967;NA;0,5667;NA;0,2967;0,5667;0,404
2020-11-15;"SUL";157;53;10;3;109;61;3;1;104;7;48;2;167;56;111;112;62;50;279;118;161;0,3376;0,3;0,5596;0,3333;0,3353;0,5536;0,4229
2020-11-16;"CENTRO-LESTE";109;43;0;0;80;55;0;0;66;0;25;0;109;43;66;80;55;25;189;98;91;0,3945;NA;0,6875;NA;0,3945;0,6875;0,5185
2020-11-16;"CENTRO-NORTE";55;8;0;0;20;11;0;0;47;0;9;0;55;8;47;20;11;9;75;19;56;0,1455;NA;0,55;NA;0,1455;0,55;0,2533
2020-11-16;"EXTREMO-SUL";30;12;0;0;45;23;0;0;18;0;22;0;30;12;18;45;23;22;75;35;40;0,4;NA;0,5111;NA;0,4;0,5111;0,4667
2020-11-16;"LESTE";434;219;37;25;418;207;27;10;215;12;211;17;471;244;227;445;217;228;916;461;455;0,5046;0,6757;0,4952;0,3704;0,518;0,4876;0,5033
2020-11-16;"NORDESTE";12;0;0;0;12;3;0;0;12;0;9;0;12;0;12;12;3;9;24;3;21;0;NA;0,25;NA;0;0,25;0,125
2020-11-16;"NORTE";69;10;0;0;39;24;0;0;59;0;15;0;69;10;59;39;24;15;108;34;74;0,1449;NA;0,6154;NA;0,1449;0,6154;0,3148
2020-11-16;"OESTE";63;19;0;0;40;20;0;0;44;0;20;0;63;19;44;40;20;20;103;39;64;0,3016;NA;0,5;NA;0,3016;0,5;0,3786
2020-11-16;"SUDOESTE";91;28;0;0;60;34;0;0;63;0;26;0;91;28;63;60;34;26;151;62;89;0,3077;NA;0,5667;NA;0,3077;0,5667;0,4106
2020-11-16;"SUL";157;51;10;3;109;67;3;0;106;7;42;3;167;54;113;112;67;45;279;121;158;0,3248;0,3;0,6147;0;0,3234;0,5982;0,4337
2020-11-17;"CENTRO-LESTE";109;41;0;0;80;53;0;0;68;0;27;0;109;41;68;80;53;27;189;94;95;0,3761;NA;0,6625;NA;0,3761;0,6625;0,4974
2020-11-17;"CENTRO-NORTE";55;9;0;0;20;12;0;0;46;0;8;0;55;9;46;20;12;8;75;21;54;0,1636;NA;0,6;NA;0,1636;0,6;0,28
2020-11-17;"EXTREMO-SUL";30;10;0;0;45;27;0;0;20;0;18;0;30;10;20;45;27;18;75;37;38;0,3333;NA;0,6;NA;0,3333;0,6;0,4933
2020-11-17;"LESTE";434;223;37;30;418;213;27;12;211;7;205;15;471;253;218;445;225;220;916;478;438;0,5138;0,8108;0,5096;0,4444;0,5372;0,5056;0,5218
2020-11-17;"NORDESTE";12;0;0;0;12;3;0;0;12;0;9;0;12;0;12;12;3;9;24;3;21;0;NA;0,25;NA;0;0,25;0,125
2020-11-17;"NORTE";69;10;0;0;39;26;0;0;59;0;13;0;69;10;59;39;26;13;108;36;72;0,1449;NA;0,6667;NA;0,1449;0,6667;0,3333
2020-11-17;"OESTE";63;28;0;0;40;16;0;0;35;0;24;0;63;28;35;40;16;24;103;44;59;0,4444;NA;0,4;NA;0,4444;0,4;0,4272
2020-11-17;"SUDOESTE";91;26;0;0;60;36;0;0;65;0;24;0;91;26;65;60;36;24;151;62;89;0,2857;NA;0,6;NA;0,2857;0,6;0,4106
2020-11-17;"SUL";157;55;10;3;109;63;3;0;102;7;46;3;167;58;109;112;63;49;279;121;158;0,3503;0,3;0,578;0;0,3473;0,5625;0,4337
2020-11-18;"CENTRO-LESTE";109;42;0;0;80;56;0;0;67;0;24;0;109;42;67;80;56;24;189;98;91;0,3853;NA;0,7;NA;0,3853;0,7;0,5185
2020-11-18;"CENTRO-NORTE";55;11;0;0;20;12;0;0;44;0;8;0;55;11;44;20;12;8;75;23;52;0,2;NA;0,6;NA;0,2;0,6;0,3067
2020-11-18;"EXTREMO-SUL";30;8;0;0;45;29;0;0;22;0;16;0;30;8;22;45;29;16;75;37;38;0,2667;NA;0,6444;NA;0,2667;0,6444;0,4933
2020-11-18;"LESTE";434;229;37;25;418;219;27;15;205;12;199;12;471;254;217;445;234;211;916;488;428;0,5276;0,6757;0,5239;0,5556;0,5393;0,5258;0,5328
2020-11-18;"NORDESTE";12;0;0;0;12;2;0;0;12;0;10;0;12;0;12;12;2;10;24;2;22;0;NA;0,1667;NA;0;0,1667;0,0833
2020-11-18;"NORTE";69;8;0;0;39;28;0;0;61;0;11;0;69;8;61;39;28;11;108;36;72;0,1159;NA;0,7179;NA;0,1159;0,7179;0,3333
2020-11-18;"OESTE";63;28;0;0;40;16;0;0;35;0;24;0;63;28;35;40;16;24;103;44;59;0,4444;NA;0,4;NA;0,4444;0,4;0,4272
2020-11-18;"SUDOESTE";91;29;0;0;60;38;0;0;62;0;22;0;91;29;62;60;38;22;151;67;84;0,3187;NA;0,6333;NA;0,3187;0,6333;0,4437
2020-11-18;"SUL";157;56;10;4;109;58;3;2;101;6;51;1;167;60;107;112;60;52;279;120;159;0,3567;0,4;0,5321;0,6667;0,3593;0,5357;0,4301
2020-11-19;"CENTRO-LESTE";109;44;0;0;80;56;0;0;65;0;24;0;109;44;65;80;56;24;189;100;89;0,4037;NA;0,7;NA;0,4037;0,7;0,5291
2020-11-19;"CENTRO-NORTE";55;7;0;0;20;13;0;0;48;0;7;0;55;7;48;20;13;7;75;20;55;0,1273;NA;0,65;NA;0,1273;0,65;0,2667
2020-11-19;"EXTREMO-SUL";30;9;0;0;45;27;0;0;21;0;18;0;30;9;21;45;27;18;75;36;39;0,3;NA;0,6;NA;0,3;0,6;0,48
2020-11-19;"LESTE";434;235;37;27;418;226;27;19;199;10;192;8;471;262;209;445;245;200;916;507;409;0,5415;0,7297;0,5407;0,7037;0,5563;0,5506;0,5535
2020-11-19;"NORDESTE";12;0;0;0;12;5;0;0;12;0;7;0;12;0;12;12;5;7;24;5;19;0;NA;0,4167;NA;0;0,4167;0,2083
2020-11-19;"NORTE";69;7;0;0;39;30;0;0;62;0;9;0;69;7;62;39;30;9;108;37;71;0,1014;NA;0,7692;NA;0,1014;0,7692;0,3426
2020-11-19;"OESTE";63;17;0;0;40;18;0;0;46;0;22;0;63;17;46;40;18;22;103;35;68;0,2698;NA;0,45;NA;0,2698;0,45;0,3398
2020-11-19;"SUDOESTE";91;29;0;0;60;34;0;0;62;0;26;0;91;29;62;60;34;26;151;63;88;0,3187;NA;0,5667;NA;0,3187;0,5667;0,4172
2020-11-19;"SUL";157;55;10;3;109;69;3;3;102;7;40;0;167;58;109;112;72;40;279;130;149;0,3503;0,3;0,633;1;0,3473;0,6429;0,4659
2020-11-20;"CENTRO-LESTE";109;47;0;0;80;59;0;0;62;0;21;0;109;47;62;80;59;21;189;106;83;0,4312;NA;0,7375;NA;0,4312;0,7375;0,5608
2020-11-20;"CENTRO-NORTE";55;7;0;0;20;13;0;0;48;0;7;0;55;7;48;20;13;7;75;20;55;0,1273;NA;0,65;NA;0,1273;0,65;0,2667
2020-11-20;"EXTREMO-SUL";30;11;0;0;45;24;0;0;19;0;21;0;30;11;19;45;24;21;75;35;40;0,3667;NA;0,5333;NA;0,3667;0,5333;0,4667
2020-11-20;"LESTE";354;237;37;25;398;225;27;18;117;12;173;9;391;262;129;425;243;182;816;505;311;0,6695;0,6757;0,5653;0,6667;0,6701;0,5718;0,6189
2020-11-20;"NORDESTE";12;0;0;0;12;5;0;0;12;0;7;0;12;0;12;12;5;7;24;5;19;0;NA;0,4167;NA;0;0,4167;0,2083
2020-11-20;"NORTE";69;19;0;0;39;25;0;0;50;0;14;0;69;19;50;39;25;14;108;44;64;0,2754;NA;0,641;NA;0,2754;0,641;0,4074
2020-11-20;"OESTE";63;14;0;0;40;18;0;0;49;0;22;0;63;14;49;40;18;22;103;32;71;0,2222;NA;0,45;NA;0,2222;0,45;0,3107
2020-11-20;"SUDOESTE";91;33;0;0;60;37;0;0;58;0;23;0;91;33;58;60;37;23;151;70;81;0,3626;NA;0,6167;NA;0,3626;0,6167;0,4636
2020-11-20;"SUL";157;61;10;3;109;73;3;2;96;7;36;1;167;64;103;112;75;37;279;139;140;0,3885;0,3;0,6697;0,6667;0,3832;0,6696;0,4982
2020-11-21;"CENTRO-LESTE";109;45;0;0;80;64;0;0;64;0;16;0;109;45;64;80;64;16;189;109;80;0,4128;NA;0,8;NA;0,4128;0,8;0,5767
2020-11-21;"CENTRO-NORTE";55;4;0;0;20;13;0;0;51;0;7;0;55;4;51;20;13;7;75;17;58;0,0727;NA;0,65;NA;0,0727;0,65;0,2267
2020-11-21;"EXTREMO-SUL";30;9;0;0;45;24;0;0;21;0;21;0;30;9;21;45;24;21;75;33;42;0,3;NA;0,5333;NA;0,3;0,5333;0,44
2020-11-21;"LESTE";354;236;37;25;398;239;27;17;118;12;159;10;391;261;130;425;256;169;816;517;299;0,6667;0,6757;0,6005;0,6296;0,6675;0,6024;0,6336
2020-11-21;"NORDESTE";12;0;0;0;12;5;0;0;12;0;7;0;12;0;12;12;5;7;24;5;19;0;NA;0,4167;NA;0;0,4167;0,2083
2020-11-21;"NORTE";69;15;0;0;39;26;0;0;54;0;13;0;69;15;54;39;26;13;108;41;67;0,2174;NA;0,6667;NA;0,2174;0,6667;0,3796
2020-11-21;"OESTE";63;16;0;0;40;17;0;0;47;0;23;0;63;16;47;40;17;23;103;33;70;0,254;NA;0,425;NA;0,254;0,425;0,3204
2020-11-21;"SUDOESTE";91;35;0;0;60;36;0;0;56;0;24;0;91;35;56;60;36;24;151;71;80;0,3846;NA;0,6;NA;0,3846;0,6;0,4702
2020-11-21;"SUL";157;60;10;3;109;77;3;2;97;7;32;1;167;63;104;112;79;33;279;142;137;0,3822;0,3;0,7064;0,6667;0,3772;0,7054;0,509
2020-11-22;"CENTRO-LESTE";109;47;0;0;80;65;0;0;62;0;15;0;109;47;62;80;65;15;189;112;77;0,4312;NA;0,8125;NA;0,4312;0,8125;0,5926
2020-11-22;"CENTRO-NORTE";55;5;0;0;20;14;0;0;50;0;6;0;55;5;50;20;14;6;75;19;56;0,0909;NA;0,7;NA;0,0909;0,7;0,2533
2020-11-22;"EXTREMO-SUL";30;8;0;0;45;27;0;0;22;0;18;0;30;8;22;45;27;18;75;35;40;0,2667;NA;0,6;NA;0,2667;0,6;0,4667
2020-11-22;"LESTE";354;243;37;26;398;221;27;16;111;11;177;11;391;269;122;425;237;188;816;506;310;0,6864;0,7027;0,5553;0,5926;0,688;0,5576;0,6201
2020-11-22;"NORDESTE";12;0;0;0;12;7;0;0;12;0;5;0;12;0;12;12;7;5;24;7;17;0;NA;0,5833;NA;0;0,5833;0,2917
2020-11-22;"NORTE";69;13;0;0;39;26;0;0;56;0;13;0;69;13;56;39;26;13;108;39;69;0,1884;NA;0,6667;NA;0,1884;0,6667;0,3611
2020-11-22;"OESTE";63;15;0;0;40;20;0;0;48;0;20;0;63;15;48;40;20;20;103;35;68;0,2381;NA;0,5;NA;0,2381;0,5;0,3398
2020-11-22;"SUDOESTE";91;34;0;0;60;40;0;0;57;0;20;0;91;34;57;60;40;20;151;74;77;0,3736;NA;0,6667;NA;0,3736;0,6667;0,4901
2020-11-22;"SUL";157;58;10;3;109;80;3;3;99;7;29;0;167;61;106;112;83;29;279;144;135;0,3694;0,3;0,7339;1;0,3653;0,7411;0,5161
2020-11-23;"CENTRO-LESTE";109;45;0;0;80;65;0;0;64;0;15;0;109;45;64;80;65;15;189;110;79;0,4128;NA;0,8125;NA;0,4128;0,8125;0,582
2020-11-23;"CENTRO-NORTE";55;9;0;0;20;13;0;0;46;0;7;0;55;9;46;20;13;7;75;22;53;0,1636;NA;0,65;NA;0,1636;0,65;0,2933
2020-11-23;"EXTREMO-SUL";30;8;0;0;45;27;0;0;22;0;18;0;30;8;22;45;27;18;75;35;40;0,2667;NA;0,6;NA;0,2667;0,6;0,4667
2020-11-23;"LESTE";354;240;37;22;398;225;27;20;114;15;173;7;391;262;129;425;245;180;816;507;309;0,678;0,5946;0,5653;0,7407;0,6701;0,5765;0,6213
2020-11-23;"NORDESTE";12;0;0;0;12;7;0;0;12;0;5;0;12;0;12;12;7;5;24;7;17;0;NA;0,5833;NA;0;0,5833;0,2917
2020-11-23;"NORTE";69;11;0;0;39;23;0;0;58;0;16;0;69;11;58;39;23;16;108;34;74;0,1594;NA;0,5897;NA;0,1594;0,5897;0,3148
2020-11-23;"OESTE";63;21;0;0;40;21;0;0;42;0;19;0;63;21;42;40;21;19;103;42;61;0,3333;NA;0,525;NA;0,3333;0,525;0,4078
2020-11-23;"SUDOESTE";91;25;0;0;60;37;0;0;66;0;23;0;91;25;66;60;37;23;151;62;89;0,2747;NA;0,6167;NA;0,2747;0,6167;0,4106
2020-11-23;"SUL";157;60;10;2;109;73;3;2;97;8;36;1;167;62;105;112;75;37;279;137;142;0,3822;0,2;0,6697;0,6667;0,3713;0,6696;0,491
2020-11-24;"CENTRO-LESTE";109;41;0;0;80;65;0;0;68;0;15;0;109;41;68;80;65;15;189;106;83;0,3761;NA;0,8125;NA;0,3761;0,8125;0,5608
2020-11-24;"CENTRO-NORTE";55;7;0;0;20;13;0;0;48;0;7;0;55;7;48;20;13;7;75;20;55;0,1273;NA;0,65;NA;0,1273;0,65;0,2667
2020-11-24;"EXTREMO-SUL";30;8;0;0;45;28;0;0;22;0;17;0;30;8;22;45;28;17;75;36;39;0,2667;NA;0,6222;NA;0,2667;0,6222;0,48
2020-11-24;"LESTE";354;243;37;28;398;244;27;20;111;9;154;7;391;271;120;425;264;161;816;535;281;0,6864;0,7568;0,6131;0,7407;0,6931;0,6212;0,6556
2020-11-24;"NORDESTE";12;0;0;0;12;8;0;0;12;0;4;0;12;0;12;12;8;4;24;8;16;0;NA;0,6667;NA;0;0,6667;0,3333
2020-11-24;"NORTE";69;12;0;0;39;22;0;0;57;0;17;0;69;12;57;39;22;17;108;34;74;0,1739;NA;0,5641;NA;0,1739;0,5641;0,3148
2020-11-24;"OESTE";63;17;0;0;40;24;0;0;46;0;16;0;63;17;46;40;24;16;103;41;62;0,2698;NA;0,6;NA;0,2698;0,6;0,3981
2020-11-24;"SUDOESTE";91;28;0;0;60;39;0;0;63;0;21;0;91;28;63;60;39;21;151;67;84;0,3077;NA;0,65;NA;0,3077;0,65;0,4437
2020-11-24;"SUL";157;63;10;3;109;74;3;2;94;7;35;1;167;66;101;112;76;36;279;142;137;0,4013;0,3;0,6789;0,6667;0,3952;0,6786;0,509
2020-11-25;"CENTRO-LESTE";109;52;0;0;90;71;0;0;57;0;19;0;109;52;57;90;71;19;199;123;76;0,4771;NA;0,7889;NA;0,4771;0,7889;0,6181
2020-11-25;"CENTRO-NORTE";55;7;0;0;20;13;0;0;48;0;7;0;55;7;48;20;13;7;75;20;55;0,1273;NA;0,65;NA;0,1273;0,65;0,2667
2020-11-25;"EXTREMO-SUL";30;5;0;0;45;31;0;0;25;0;14;0;30;5;25;45;31;14;75;36;39;0,1667;NA;0,6889;NA;0,1667;0,6889;0,48
2020-11-25;"LESTE";354;236;37;24;398;231;27;15;118;13;167;12;391;260;131;425;246;179;816;506;310;0,6667;0,6486;0,5804;0,5556;0,665;0,5788;0,6201
2020-11-25;"NORDESTE";12;0;0;0;12;9;0;0;12;0;3;0;12;0;12;12;9;3;24;9;15;0;NA;0,75;NA;0;0,75;0,375
2020-11-25;"NORTE";69;12;0;0;39;21;0;0;57;0;18;0;69;12;57;39;21;18;108;33;75;0,1739;NA;0,5385;NA;0,1739;0,5385;0,3056
2020-11-25;"OESTE";63;19;0;0;40;23;0;0;44;0;17;0;63;19;44;40;23;17;103;42;61;0,3016;NA;0,575;NA;0,3016;0,575;0,4078
2020-11-25;"SUDOESTE";91;29;0;0;60;42;0;0;62;0;18;0;91;29;62;60;42;18;151;71;80;0,3187;NA;0,7;NA;0,3187;0,7;0,4702
2020-11-25;"SUL";157;67;10;3;109;73;3;2;90;7;36;1;167;70;97;112;75;37;279;145;134;0,4268;0,3;0,6697;0,6667;0,4192;0,6696;0,5197
2020-11-26;"CENTRO-LESTE";109;52;0;0;98;72;0;0;57;0;26;0;109;52;57;98;72;26;207;124;83;0,4771;NA;0,7347;NA;0,4771;0,7347;0,599
2020-11-26;"CENTRO-NORTE";55;9;0;0;20;14;0;0;46;0;6;0;55;9;46;20;14;6;75;23;52;0,1636;NA;0,7;NA;0,1636;0,7;0,3067
2020-11-26;"EXTREMO-SUL";30;8;0;0;45;34;0;0;22;0;11;0;30;8;22;45;34;11;75;42;33;0,2667;NA;0,7556;NA;0,2667;0,7556;0,56
2020-11-26;"LESTE";354;229;37;25;398;250;27;15;125;12;148;12;391;254;137;425;265;160;816;519;297;0,6469;0,6757;0,6281;0,5556;0,6496;0,6235;0,636
2020-11-26;"NORDESTE";12;0;0;0;12;6;0;0;12;0;6;0;12;0;12;12;6;6;24;6;18;0;NA;0,5;NA;0;0,5;0,25
2020-11-26;"NORTE";69;12;0;0;39;22;0;0;57;0;17;0;69;12;57;39;22;17;108;34;74;0,1739;NA;0,5641;NA;0,1739;0,5641;0,3148
2020-11-26;"OESTE";63;17;0;0;40;19;0;0;46;0;21;0;63;17;46;40;19;21;103;36;67;0,2698;NA;0,475;NA;0,2698;0,475;0,3495
2020-11-26;"SUDOESTE";91;29;0;0;60;42;0;0;62;0;18;0;91;29;62;60;42;18;151;71;80;0,3187;NA;0,7;NA;0,3187;0,7;0,4702
2020-11-26;"SUL";157;70;10;3;109;71;3;2;87;7;38;1;167;73;94;112;73;39;279;146;133;0,4459;0,3;0,6514;0,6667;0,4371;0,6518;0,5233
2020-11-27;"CENTRO-LESTE";109;54;0;0;98;76;0;0;55;0;22;0;109;54;55;98;76;22;207;130;77;0,4954;NA;0,7755;NA;0,4954;0,7755;0,628
2020-11-27;"CENTRO-NORTE";55;9;0;0;20;13;0;0;46;0;7;0;55;9;46;20;13;7;75;22;53;0,1636;NA;0,65;NA;0,1636;0,65;0,2933
2020-11-27;"EXTREMO-SUL";30;8;0;0;45;36;0;0;22;0;9;0;30;8;22;45;36;9;75;44;31;0,2667;NA;0,8;NA;0,2667;0,8;0,5867
2020-11-27;"LESTE";361;225;37;23;408;244;27;16;136;14;164;11;398;248;150;435;260;175;833;508;325;0,6233;0,6216;0,598;0,5926;0,6231;0,5977;0,6098
2020-11-27;"NORDESTE";12;0;0;0;12;7;0;0;12;0;5;0;12;0;12;12;7;5;24;7;17;0;NA;0,5833;NA;0;0,5833;0,2917
2020-11-27;"NORTE";69;16;0;0;39;24;0;0;53;0;15;0;69;16;53;39;24;15;108;40;68;0,2319;NA;0,6154;NA;0,2319;0,6154;0,3704
2020-11-27;"OESTE";63;20;0;0;40;24;0;0;43;0;16;0;63;20;43;40;24;16;103;44;59;0,3175;NA;0,6;NA;0,3175;0,6;0,4272
2020-11-27;"SUDOESTE";91;27;0;0;60;40;0;0;64;0;20;0;91;27;64;60;40;20;151;67;84;0,2967;NA;0,6667;NA;0,2967;0,6667;0,4437
2020-11-27;"SUL";157;71;10;3;109;74;3;2;86;7;35;1;167;74;93;112;76;36;279;150;129;0,4522;0,3;0,6789;0,6667;0,4431;0,6786;0,5376
2020-11-28;"CENTRO-LESTE";109;54;0;0;98;76;0;0;55;0;22;0;109;54;55;98;76;22;207;130;77;0,4954;NA;0,7755;NA;0,4954;0,7755;0,628
2020-11-28;"CENTRO-NORTE";55;6;0;0;20;14;0;0;49;0;6;0;55;6;49;20;14;6;75;20;55;0,1091;NA;0,7;NA;0,1091;0,7;0,2667
2020-11-28;"EXTREMO-SUL";30;8;0;0;45;35;0;0;22;0;10;0;30;8;22;45;35;10;75;43;32;0,2667;NA;0,7778;NA;0,2667;0,7778;0,5733
2020-11-28;"LESTE";361;236;37;28;408;263;27;17;125;9;145;10;398;264;134;435;280;155;833;544;289;0,6537;0,7568;0,6446;0,6296;0,6633;0,6437;0,6531
2020-11-28;"NORDESTE";12;0;0;0;12;7;0;0;12;0;5;0;12;0;12;12;7;5;24;7;17;0;NA;0,5833;NA;0;0,5833;0,2917
2020-11-28;"NORTE";69;16;0;0;39;25;0;0;53;0;14;0;69;16;53;39;25;14;108;41;67;0,2319;NA;0,641;NA;0,2319;0,641;0,3796
2020-11-28;"OESTE";63;18;0;0;40;28;0;0;45;0;12;0;63;18;45;40;28;12;103;46;57;0,2857;NA;0,7;NA;0,2857;0,7;0,4466
2020-11-28;"SUDOESTE";91;31;0;0;60;37;0;0;60;0;23;0;91;31;60;60;37;23;151;68;83;0,3407;NA;0,6167;NA;0,3407;0,6167;0,4503
2020-11-28;"SUL";157;72;10;3;109;77;3;2;85;7;32;1;167;75;92;112;79;33;279;154;125;0,4586;0,3;0,7064;0,6667;0,4491;0,7054;0,552
2020-11-29;"CENTRO-LESTE";109;53;0;0;98;76;0;0;56;0;22;0;109;53;56;98;76;22;207;129;78;0,4862;NA;0,7755;NA;0,4862;0,7755;0,6232
2020-11-29;"CENTRO-NORTE";55;7;0;0;20;14;0;0;48;0;6;0;55;7;48;20;14;6;75;21;54;0,1273;NA;0,7;NA;0,1273;0,7;0,28
2020-11-29;"EXTREMO-SUL";30;11;0;0;45;37;0;0;19;0;8;0;30;11;19;45;37;8;75;48;27;0,3667;NA;0,8222;NA;0,3667;0,8222;0,64
2020-11-29;"LESTE";361;233;37;22;408;243;27;18;128;15;165;9;398;255;143;435;261;174;833;516;317;0,6454;0,5946;0,5956;0,6667;0,6407;0,6;0,6194
2020-11-29;"NORDESTE";12;0;0;0;12;5;0;0;12;0;7;0;12;0;12;12;5;7;24;5;19;0;NA;0,4167;NA;0;0,4167;0,2083
2020-11-29;"NORTE";69;19;0;0;39;25;0;0;50;0;14;0;69;19;50;39;25;14;108;44;64;0,2754;NA;0,641;NA;0,2754;0,641;0,4074
2020-11-29;"OESTE";63;17;0;0;40;29;0;0;46;0;11;0;63;17;46;40;29;11;103;46;57;0,2698;NA;0,725;NA;0,2698;0,725;0,4466
2020-11-29;"SUDOESTE";91;33;0;0;60;40;0;0;58;0;20;0;91;33;58;60;40;20;151;73;78;0,3626;NA;0,6667;NA;0,3626;0,6667;0,4834
2020-11-29;"SUL";157;72;10;4;109;71;3;2;85;6;38;1;167;76;91;112;73;39;279;149;130;0,4586;0,4;0,6514;0,6667;0,4551;0,6518;0,5341
2020-11-30;"CENTRO-LESTE";109;51;0;0;98;81;0;0;58;0;17;0;109;51;58;98;81;17;207;132;75;0,4679;NA;0,8265;NA;0,4679;0,8265;0,6377
2020-11-30;"CENTRO-NORTE";55;7;0;0;20;16;0;0;48;0;4;0;55;7;48;20;16;4;75;23;52;0,1273;NA;0,8;NA;0,1273;0,8;0,3067
2020-11-30;"EXTREMO-SUL";30;11;0;0;45;38;0;0;19;0;7;0;30;11;19;45;38;7;75;49;26;0,3667;NA;0,8444;NA;0,3667;0,8444;0,6533
2020-11-30;"LESTE";361;227;37;28;408;257;27;14;134;9;151;13;398;255;143;435;271;164;833;526;307;0,6288;0,7568;0,6299;0,5185;0,6407;0,623;0,6315
2020-11-30;"NORDESTE";12;0;0;0;12;8;0;0;12;0;4;0;12;0;12;12;8;4;24;8;16;0;NA;0,6667;NA;0;0,6667;0,3333
2020-11-30;"NORTE";69;20;0;0;39;25;0;0;49;0;14;0;69;20;49;39;25;14;108;45;63;0,2899;NA;0,641;NA;0,2899;0,641;0,4167
2020-11-30;"OESTE";63;17;0;0;40;27;0;0;46;0;13;0;63;17;46;40;27;13;103;44;59;0,2698;NA;0,675;NA;0,2698;0,675;0,4272
2020-11-30;"SUDOESTE";91;38;0;0;60;44;0;0;53;0;16;0;91;38;53;60;44;16;151;82;69;0,4176;NA;0,7333;NA;0,4176;0,7333;0,543
2020-11-30;"SUL";157;72;10;6;109;72;3;2;85;4;37;1;167;78;89;112;74;38;279;152;127;0,4586;0,6;0,6606;0,6667;0,4671;0,6607;0,5448
2020-12-01;"CENTRO-LESTE";109;50;0;0;98;84;0;0;59;0;14;0;109;50;59;98;84;14;207;134;73;0,4587;NA;0,8571;NA;0,4587;0,8571;0,6473
2020-12-01;"CENTRO-NORTE";55;6;0;0;20;18;0;0;49;0;2;0;55;6;49;20;18;2;75;24;51;0,1091;NA;0,9;NA;0,1091;0,9;0,32
2020-12-01;"EXTREMO-SUL";30;11;0;0;45;36;0;0;19;0;9;0;30;11;19;45;36;9;75;47;28;0,3667;NA;0,8;NA;0,3667;0,8;0,6267
2020-12-01;"LESTE";326;231;37;29;391;257;27;17;95;8;134;10;363;260;103;418;274;144;781;534;247;0,7086;0,7838;0,6573;0,6296;0,7163;0,6555;0,6837
2020-12-01;"NORDESTE";12;0;0;0;12;11;0;0;12;0;1;0;12;0;12;12;11;1;24;11;13;0;NA;0,9167;NA;0;0,9167;0,4583
2020-12-01;"NORTE";69;19;0;0;39;26;0;0;50;0;13;0;69;19;50;39;26;13;108;45;63;0,2754;NA;0,6667;NA;0,2754;0,6667;0,4167
2020-12-01;"OESTE";63;13;0;0;40;27;0;0;50;0;13;0;63;13;50;40;27;13;103;40;63;0,2063;NA;0,675;NA;0,2063;0,675;0,3883
2020-12-01;"SUDOESTE";91;35;0;0;60;45;0;0;56;0;15;0;91;35;56;60;45;15;151;80;71;0,3846;NA;0,75;NA;0,3846;0,75;0,5298
2020-12-01;"SUL";157;64;10;7;109;73;3;0;93;3;36;3;167;71;96;112;73;39;279;144;135;0,4076;0,7;0,6697;0;0,4251;0,6518;0,5161
2020-12-02;"CENTRO-LESTE";109;52;0;0;98;83;0;0;57;0;15;0;109;52;57;98;83;15;207;135;72;0,4771;NA;0,8469;NA;0,4771;0,8469;0,6522
2020-12-02;"CENTRO-NORTE";55;6;0;0;20;18;0;0;49;0;2;0;55;6;49;20;18;2;75;24;51;0,1091;NA;0,9;NA;0,1091;0,9;0,32
2020-12-02;"EXTREMO-SUL";30;9;0;0;45;36;0;0;21;0;9;0;30;9;21;45;36;9;75;45;30;0,3;NA;0,8;NA;0,3;0,8;0,6
2020-12-02;"LESTE";326;253;37;29;412;271;27;15;73;8;141;12;363;282;81;439;286;153;802;568;234;0,7761;0,7838;0,6578;0,5556;0,7769;0,6515;0,7082
2020-12-02;"NORDESTE";12;0;0;0;12;11;0;0;12;0;1;0;12;0;12;12;11;1;24;11;13;0;NA;0,9167;NA;0;0,9167;0,4583
2020-12-02;"NORTE";69;17;0;0;50;28;0;0;52;0;22;0;69;17;52;50;28;22;119;45;74;0,2464;NA;0,56;NA;0,2464;0,56;0,3782
2020-12-02;"OESTE";63;13;0;0;40;32;0;0;50;0;8;0;63;13;50;40;32;8;103;45;58;0,2063;NA;0,8;NA;0,2063;0,8;0,4369
2020-12-02;"SUDOESTE";91;31;0;0;60;46;0;0;60;0;14;0;91;31;60;60;46;14;151;77;74;0,3407;NA;0,7667;NA;0,3407;0,7667;0,5099
2020-12-02;"SUL";157;62;10;8;109;86;3;0;95;2;23;3;167;70;97;112;86;26;279;156;123;0,3949;0,8;0,789;0;0,4192;0,7679;0,5591
2020-12-03;"CENTRO-LESTE";109;53;0;0;98;80;0;0;56;0;18;0;109;53;56;98;80;18;207;133;74;0,4862;NA;0,8163;NA;0,4862;0,8163;0,6425
2020-12-03;"CENTRO-NORTE";55;10;0;0;20;18;0;0;45;0;2;0;55;10;45;20;18;2;75;28;47;0,1818;NA;0,9;NA;0,1818;0,9;0,3733
2020-12-03;"EXTREMO-SUL";30;8;0;0;45;40;0;0;22;0;5;0;30;8;22;45;40;5;75;48;27;0,2667;NA;0,8889;NA;0,2667;0,8889;0,64
2020-12-03;"LESTE";326;250;37;23;412;270;27;16;76;14;142;11;363;273;90;439;286;153;802;559;243;0,7669;0,6216;0,6553;0,5926;0,7521;0,6515;0,697
2020-12-03;"NORDESTE";12;0;0;0;12;8;0;0;12;0;4;0;12;0;12;12;8;4;24;8;16;0;NA;0,6667;NA;0;0,6667;0,3333
2020-12-03;"NORTE";69;15;0;0;50;26;0;0;54;0;24;0;69;15;54;50;26;24;119;41;78;0,2174;NA;0,52;NA;0,2174;0,52;0,3445
2020-12-03;"OESTE";63;14;0;0;40;29;0;0;49;0;11;0;63;14;49;40;29;11;103;43;60;0,2222;NA;0,725;NA;0,2222;0,725;0,4175
2020-12-03;"SUDOESTE";91;41;0;0;60;43;0;0;50;0;17;0;91;41;50;60;43;17;151;84;67;0,4505;NA;0,7167;NA;0,4505;0,7167;0,5563
2020-12-03;"SUL";157;57;10;7;109;79;3;1;100;3;30;2;167;64;103;112;80;32;279;144;135;0,3631;0,7;0,7248;0,3333;0,3832;0,7143;0,5161
2020-12-04;"CENTRO-LESTE";109;53;0;0;98;83;0;0;56;0;15;0;109;53;56;98;83;15;207;136;71;0,4862;NA;0,8469;NA;0,4862;0,8469;0,657
2020-12-04;"CENTRO-NORTE";55;10;0;0;20;18;0;0;45;0;2;0;55;10;45;20;18;2;75;28;47;0,1818;NA;0,9;NA;0,1818;0,9;0,3733
2020-12-04;"EXTREMO-SUL";30;10;0;0;45;43;0;0;20;0;2;0;30;10;20;45;43;2;75;53;22;0,3333;NA;0,9556;NA;0,3333;0,9556;0,7067
2020-12-04;"LESTE";326;257;37;22;412;274;27;18;69;15;138;9;363;279;84;439;292;147;802;571;231;0,7883;0,5946;0,665;0,6667;0,7686;0,6651;0,712
2020-12-04;"NORDESTE";12;0;0;0;12;5;0;0;12;0;7;0;12;0;12;12;5;7;24;5;19;0;NA;0,4167;NA;0;0,4167;0,2083
2020-12-04;"NORTE";69;20;0;0;50;34;0;0;49;0;16;0;69;20;49;50;34;16;119;54;65;0,2899;NA;0,68;NA;0,2899;0,68;0,4538
2020-12-04;"OESTE";63;12;0;0;40;27;0;0;51;0;13;0;63;12;51;40;27;13;103;39;64;0,1905;NA;0,675;NA;0,1905;0,675;0,3786
2020-12-04;"SUDOESTE";91;36;0;0;60;48;0;0;55;0;12;0;91;36;55;60;48;12;151;84;67;0,3956;NA;0,8;NA;0,3956;0,8;0,5563
2020-12-04;"SUL";157;59;10;5;109;85;3;2;98;5;24;1;167;64;103;112;87;25;279;151;128;0,3758;0,5;0,7798;0,6667;0,3832;0,7768;0,5412
2020-12-05;"CENTRO-LESTE";109;58;0;0;98;84;0;0;51;0;14;0;109;58;51;98;84;14;207;142;65;0,5321;NA;0,8571;NA;0,5321;0,8571;0,686
2020-12-05;"CENTRO-NORTE";55;9;0;0;20;17;0;0;46;0;3;0;55;9;46;20;17;3;75;26;49;0,1636;NA;0,85;NA;0,1636;0,85;0,3467
2020-12-05;"EXTREMO-SUL";30;6;0;0;45;40;0;0;24;0;5;0;30;6;24;45;40;5;75;46;29;0,2;NA;0,8889;NA;0,2;0,8889;0,6133
2020-12-05;"LESTE";326;266;37;24;412;287;27;16;60;13;125;11;363;290;73;439;303;136;802;593;209;0,816;0,6486;0,6966;0,5926;0,7989;0,6902;0,7394
2020-12-05;"NORDESTE";12;0;0;0;12;9;0;0;12;0;3;0;12;0;12;12;9;3;24;9;15;0;NA;0,75;NA;0;0,75;0,375
2020-12-05;"NORTE";69;19;0;0;50;36;0;0;50;0;14;0;69;19;50;50;36;14;119;55;64;0,2754;NA;0,72;NA;0,2754;0,72;0,4622
2020-12-05;"OESTE";63;15;0;0;40;27;0;0;48;0;13;0;63;15;48;40;27;13;103;42;61;0,2381;NA;0,675;NA;0,2381;0,675;0,4078
2020-12-05;"SUDOESTE";91;42;0;0;60;49;0;0;49;0;11;0;91;42;49;60;49;11;151;91;60;0,4615;NA;0,8167;NA;0,4615;0,8167;0,6026
2020-12-05;"SUL";157;66;10;5;109;86;3;2;91;5;23;1;167;71;96;112;88;24;279;159;120;0,4204;0,5;0,789;0,6667;0,4251;0,7857;0,5699
2020-12-06;"CENTRO-LESTE";109;57;0;0;98;84;0;0;52;0;14;0;109;57;52;98;84;14;207;141;66;0,5229;NA;0,8571;NA;0,5229;0,8571;0,6812
2020-12-06;"CENTRO-NORTE";55;9;0;0;20;17;0;0;46;0;3;0;55;9;46;20;17;3;75;26;49;0,1636;NA;0,85;NA;0,1636;0,85;0,3467
2020-12-06;"EXTREMO-SUL";30;6;0;0;45;40;0;0;24;0;5;0;30;6;24;45;40;5;75;46;29;0,2;NA;0,8889;NA;0,2;0,8889;0,6133
2020-12-06;"LESTE";326;259;37;27;412;292;27;16;67;10;120;11;363;286;77;439;308;131;802;594;208;0,7945;0,7297;0,7087;0,5926;0,7879;0,7016;0,7406
2020-12-06;"NORDESTE";12;0;0;0;12;5;0;0;12;0;7;0;12;0;12;12;5;7;24;5;19;0;NA;0,4167;NA;0;0,4167;0,2083
2020-12-06;"NORTE";69;19;0;0;50;35;0;0;50;0;15;0;69;19;50;50;35;15;119;54;65;0,2754;NA;0,7;NA;0,2754;0,7;0,4538
2020-12-06;"OESTE";63;15;0;0;40;25;0;0;48;0;15;0;63;15;48;40;25;15;103;40;63;0,2381;NA;0,625;NA;0,2381;0,625;0,3883
2020-12-06;"SUDOESTE";91;45;0;0;60;46;0;0;46;0;14;0;91;45;46;60;46;14;151;91;60;0,4945;NA;0,7667;NA;0,4945;0,7667;0,6026
2020-12-06;"SUL";157;66;10;4;109;83;3;2;91;6;26;1;167;70;97;112;85;27;279;155;124;0,4204;0,4;0,7615;0,6667;0,4192;0,7589;0,5556
2020-12-07;"CENTRO-LESTE";109;50;0;0;98;83;0;0;59;0;15;0;109;50;59;98;83;15;207;133;74;0,4587;NA;0,8469;NA;0,4587;0,8469;0,6425
2020-12-07;"CENTRO-NORTE";55;8;0;0;20;18;0;0;47;0;2;0;55;8;47;20;18;2;75;26;49;0,1455;NA;0,9;NA;0,1455;0,9;0,3467
2020-12-07;"EXTREMO-SUL";30;6;0;0;45;39;0;0;24;0;6;0;30;6;24;45;39;6;75;45;30;0,2;NA;0,8667;NA;0,2;0,8667;0,6
2020-12-07;"LESTE";326;269;37;25;412;318;27;19;57;12;94;8;363;294;69;439;337;102;802;631;171;0,8252;0,6757;0,7718;0,7037;0,8099;0,7677;0,7868
2020-12-07;"NORDESTE";12;0;0;0;12;7;0;0;12;0;5;0;12;0;12;12;7;5;24;7;17;0;NA;0,5833;NA;0;0,5833;0,2917
2020-12-07;"NORTE";69;18;0;0;50;30;0;0;51;0;20;0;69;18;51;50;30;20;119;48;71;0,2609;NA;0,6;NA;0,2609;0,6;0,4034
2020-12-07;"OESTE";63;20;0;0;40;23;0;0;43;0;17;0;63;20;43;40;23;17;103;43;60;0,3175;NA;0,575;NA;0,3175;0,575;0,4175
2020-12-07;"SUDOESTE";91;41;0;0;60;45;0;0;50;0;15;0;91;41;50;60;45;15;151;86;65;0,4505;NA;0,75;NA;0,4505;0,75;0,5695
2020-12-07;"SUL";157;71;10;3;109;86;3;2;86;7;23;1;167;74;93;112;88;24;279;162;117;0,4522;0,3;0,789;0,6667;0,4431;0,7857;0,5806
2020-12-08;"CENTRO-LESTE";109;54;0;0;98;87;0;0;55;0;11;0;109;54;55;98;87;11;207;141;66;0,4954;NA;0,8878;NA;0,4954;0,8878;0,6812
2020-12-08;"CENTRO-NORTE";55;8;0;0;20;19;0;0;47;0;1;0;55;8;47;20;19;1;75;27;48;0,1455;NA;0,95;NA;0,1455;0,95;0,36
2020-12-08;"EXTREMO-SUL";30;11;0;0;45;37;0;0;19;0;8;0;30;11;19;45;37;8;75;48;27;0,3667;NA;0,8222;NA;0,3667;0,8222;0,64
2020-12-08;"LESTE";326;275;37;26;412;325;27;20;51;11;87;7;363;301;62;439;345;94;802;646;156;0,8436;0,7027;0,7888;0,7407;0,8292;0,7859;0,8055
2020-12-08;"NORDESTE";12;0;0;0;12;8;0;0;12;0;4;0;12;0;12;12;8;4;24;8;16;0;NA;0,6667;NA;0;0,6667;0,3333
2020-12-08;"NORTE";69;19;0;0;50;31;0;0;50;0;19;0;69;19;50;50;31;19;119;50;69;0,2754;NA;0,62;NA;0,2754;0,62;0,4202
2020-12-08;"OESTE";63;15;0;0;40;27;0;0;48;0;13;0;63;15;48;40;27;13;103;42;61;0,2381;NA;0,675;NA;0,2381;0,675;0,4078
2020-12-08;"SUDOESTE";91;44;0;0;60;47;0;0;47;0;13;0;91;44;47;60;47;13;151;91;60;0,4835;NA;0,7833;NA;0,4835;0,7833;0,6026
2020-12-08;"SUL";157;73;10;3;109;88;3;2;84;7;21;1;167;76;91;112;90;22;279;166;113;0,465;0,3;0,8073;0,6667;0,4551;0,8036;0,595
2020-12-09;"CENTRO-LESTE";109;50;0;0;98;83;0;0;59;0;15;0;109;50;59;98;83;15;207;133;74;0,4587;NA;0,8469;NA;0,4587;0,8469;0,6425
2020-12-09;"CENTRO-NORTE";55;7;0;0;20;16;0;0;48;0;4;0;55;7;48;20;16;4;75;23;52;0,1273;NA;0,8;NA;0,1273;0,8;0,3067
2020-12-09;"EXTREMO-SUL";30;9;0;0;45;36;0;0;21;0;9;0;30;9;21;45;36;9;75;45;30;0,3;NA;0,8;NA;0,3;0,8;0,6
2020-12-09;"LESTE";326;280;37;27;412;316;27;19;46;10;96;8;363;307;56;439;335;104;802;642;160;0,8589;0,7297;0,767;0,7037;0,8457;0,7631;0,8005
2020-12-09;"NORDESTE";12;0;0;0;12;6;0;0;12;0;6;0;12;0;12;12;6;6;24;6;18;0;NA;0,5;NA;0;0,5;0,25
2020-12-09;"NORTE";69;19;0;0;50;33;0;0;50;0;17;0;69;19;50;50;33;17;119;52;67;0,2754;NA;0,66;NA;0,2754;0,66;0,437
2020-12-09;"OESTE";63;19;0;0;40;25;0;0;44;0;15;0;63;19;44;40;25;15;103;44;59;0,3016;NA;0,625;NA;0,3016;0,625;0,4272
2020-12-09;"SUDOESTE";91;45;0;0;60;48;0;0;46;0;12;0;91;45;46;60;48;12;151;93;58;0,4945;NA;0,8;NA;0,4945;0,8;0,6159
2020-12-09;"SUL";157;79;10;3;109;88;3;0;78;7;21;3;167;82;85;112;88;24;279;170;109;0,5032;0,3;0,8073;0;0,491;0,7857;0,6093
2020-12-10;"CENTRO-LESTE";109;47;0;0;98;86;0;0;62;0;12;0;109;47;62;98;86;12;207;133;74;0,4312;NA;0,8776;NA;0,4312;0,8776;0,6425
2020-12-10;"CENTRO-NORTE";50;7;0;0;20;15;0;0;43;0;5;0;50;7;43;20;15;5;70;22;48;0,14;NA;0,75;NA;0,14;0,75;0,3143
2020-12-10;"EXTREMO-SUL";30;11;0;0;45;35;0;0;19;0;10;0;30;11;19;45;35;10;75;46;29;0,3667;NA;0,7778;NA;0,3667;0,7778;0,6133
2020-12-10;"LESTE";292;254;37;31;412;309;27;15;38;6;103;12;329;285;44;439;324;115;768;609;159;0,8699;0,8378;0,75;0,5556;0,8663;0,738;0,793
2020-12-10;"NORDESTE";4;0;0;0;8;4;0;0;4;0;4;0;4;0;4;8;4;4;12;4;8;0;NA;0,5;NA;0;0,5;0,3333
2020-12-10;"NORTE";54;18;0;0;40;32;0;0;36;0;8;0;54;18;36;40;32;8;94;50;44;0,3333;NA;0,8;NA;0,3333;0,8;0,5319
2020-12-10;"OESTE";63;21;0;0;40;25;0;0;42;0;15;0;63;21;42;40;25;15;103;46;57;0,3333;NA;0,625;NA;0,3333;0,625;0,4466
2020-12-10;"SUDOESTE";91;39;0;0;60;56;0;0;52;0;4;0;91;39;52;60;56;4;151;95;56;0,4286;NA;0,9333;NA;0,4286;0,9333;0,6291
2020-12-10;"SUL";157;85;10;2;109;88;3;1;72;8;21;2;167;87;80;112;89;23;279;176;103;0,5414;0,2;0,8073;0,3333;0,521;0,7946;0,6308
2020-12-11;"CENTRO-LESTE";109;56;0;0;98;88;0;0;53;0;10;0;109;56;53;98;88;10;207;144;63;0,5138;NA;0,898;NA;0,5138;0,898;0,6957
2020-12-11;"CENTRO-NORTE";50;6;0;0;20;15;0;0;44;0;5;0;50;6;44;20;15;5;70;21;49;0,12;NA;0,75;NA;0,12;0,75;0,3
2020-12-11;"EXTREMO-SUL";30;8;0;0;45;38;0;0;22;0;7;0;30;8;22;45;38;7;75;46;29;0,2667;NA;0,8444;NA;0,2667;0,8444;0,6133
2020-12-11;"LESTE";285;241;37;31;445;324;27;12;44;6;121;15;322;272;50;472;336;136;794;608;186;0,8456;0,8378;0,7281;0,4444;0,8447;0,7119;0,7657
2020-12-11;"NORDESTE";4;0;0;0;8;5;0;0;4;0;3;0;4;0;4;8;5;3;12;5;7;0;NA;0,625;NA;0;0,625;0,4167
2020-12-11;"NORTE";54;18;0;0;40;32;0;0;36;0;8;0;54;18;36;40;32;8;94;50;44;0,3333;NA;0,8;NA;0,3333;0,8;0,5319
2020-12-11;"OESTE";63;23;0;0;40;21;0;0;40;0;19;0;63;23;40;40;21;19;103;44;59;0,3651;NA;0,525;NA;0,3651;0,525;0,4272
2020-12-11;"SUDOESTE";86;32;0;0;70;51;0;0;54;0;19;0;86;32;54;70;51;19;156;83;73;0,3721;NA;0,7286;NA;0,3721;0,7286;0,5321
2020-12-11;"SUL";157;87;10;2;109;89;3;1;70;8;20;2;167;89;78;112;90;22;279;179;100;0,5541;0,2;0,8165;0,3333;0,5329;0,8036;0,6416
2020-12-12;"CENTRO-LESTE";109;55;0;0;98;91;0;0;54;0;7;0;109;55;54;98;91;7;207;146;61;0,5046;NA;0,9286;NA;0,5046;0,9286;0,7053
2020-12-12;"CENTRO-NORTE";50;6;0;0;20;15;0;0;44;0;5;0;50;6;44;20;15;5;70;21;49;0,12;NA;0,75;NA;0,12;0,75;0,3
2020-12-12;"EXTREMO-SUL";30;10;0;0;45;43;0;0;20;0;2;0;30;10;20;45;43;2;75;53;22;0,3333;NA;0,9556;NA;0,3333;0,9556;0,7067
2020-12-12;"LESTE";285;231;37;29;445;322;27;16;54;8;123;11;322;260;62;472;338;134;794;598;196;0,8105;0,7838;0,7236;0,5926;0,8075;0,7161;0,7531
2020-12-12;"NORDESTE";4;0;0;0;8;3;0;0;4;0;5;0;4;0;4;8;3;5;12;3;9;0;NA;0,375;NA;0;0,375;0,25
2020-12-12;"NORTE";54;24;0;0;40;33;0;0;30;0;7;0;54;24;30;40;33;7;94;57;37;0,4444;NA;0,825;NA;0,4444;0,825;0,6064
2020-12-12;"OESTE";63;24;0;0;40;20;0;0;39;0;20;0;63;24;39;40;20;20;103;44;59;0,381;NA;0,5;NA;0,381;0,5;0,4272
2020-12-12;"SUDOESTE";86;33;0;0;70;55;0;0;53;0;15;0;86;33;53;70;55;15;156;88;68;0,3837;NA;0,7857;NA;0,3837;0,7857;0,5641
2020-12-12;"SUL";157;82;10;2;109;86;3;1;75;8;23;2;167;84;83;112;87;25;279;171;108;0,5223;0,2;0,789;0,3333;0,503;0,7768;0,6129
2020-12-13;"CENTRO-LESTE";109;60;0;0;98;88;0;0;49;0;10;0;109;60;49;98;88;10;207;148;59;0,5505;NA;0,898;NA;0,5505;0,898;0,715
2020-12-13;"CENTRO-NORTE";50;3;0;0;20;16;0;0;47;0;4;0;50;3;47;20;16;4;70;19;51;0,06;NA;0,8;NA;0,06;0,8;0,2714
2020-12-13;"EXTREMO-SUL";30;7;0;0;45;38;0;0;23;0;7;0;30;7;23;45;38;7;75;45;30;0,2333;NA;0,8444;NA;0,2333;0,8444;0,6
2020-12-13;"LESTE";285;226;37;30;445;331;27;21;59;7;114;6;322;256;66;472;352;120;794;608;186;0,793;0,8108;0,7438;0,7778;0,795;0,7458;0,7657
2020-12-13;"NORDESTE";4;0;0;0;8;3;0;0;4;0;5;0;4;0;4;8;3;5;12;3;9;0;NA;0,375;NA;0;0,375;0,25
2020-12-13;"NORTE";54;24;0;0;40;32;0;0;30;0;8;0;54;24;30;40;32;8;94;56;38;0,4444;NA;0,8;NA;0,4444;0,8;0,5957
2020-12-13;"OESTE";63;23;0;0;40;18;0;0;40;0;22;0;63;23;40;40;18;22;103;41;62;0,3651;NA;0,45;NA;0,3651;0,45;0,3981
2020-12-13;"SUDOESTE";86;32;0;0;70;60;0;0;54;0;10;0;86;32;54;70;60;10;156;92;64;0,3721;NA;0,8571;NA;0,3721;0,8571;0,5897
2020-12-13;"SUL";157;83;10;2;109;87;3;2;74;8;22;1;167;85;82;112;89;23;279;174;105;0,5287;0,2;0,7982;0,6667;0,509;0,7946;0,6237
2020-12-14;"CENTRO-LESTE";109;66;0;0;98;84;0;0;43;0;14;0;109;66;43;98;84;14;207;150;57;0,6055;NA;0,8571;NA;0,6055;0,8571;0,7246
2020-12-14;"CENTRO-NORTE";50;8;0;0;20;14;0;0;42;0;6;0;50;8;42;20;14;6;70;22;48;0,16;NA;0,7;NA;0,16;0,7;0,3143
2020-12-14;"EXTREMO-SUL";30;7;0;0;45;40;0;0;23;0;5;0;30;7;23;45;40;5;75;47;28;0,2333;NA;0,8889;NA;0,2333;0,8889;0,6267
2020-12-14;"LESTE";311;249;37;25;445;331;27;21;62;12;114;6;348;274;74;472;352;120;820;626;194;0,8006;0,6757;0,7438;0,7778;0,7874;0,7458;0,7634
2020-12-14;"NORDESTE";4;0;0;0;8;7;0;0;4;0;1;0;4;0;4;8;7;1;12;7;5;0;NA;0,875;NA;0;0,875;0,5833
2020-12-14;"NORTE";54;21;0;0;40;30;0;0;33;0;10;0;54;21;33;40;30;10;94;51;43;0,3889;NA;0,75;NA;0,3889;0,75;0,5426
2020-12-14;"OESTE";63;21;0;0;40;17;0;0;42;0;23;0;63;21;42;40;17;23;103;38;65;0,3333;NA;0,425;NA;0,3333;0,425;0,3689
2020-12-14;"SUDOESTE";86;37;0;0;70;58;0;0;49;0;12;0;86;37;49;70;58;12;156;95;61;0,4302;NA;0,8286;NA;0,4302;0,8286;0,609
2020-12-14;"SUL";157;80;10;2;109;88;3;2;77;8;21;1;167;82;85;112;90;22;279;172;107;0,5096;0,2;0,8073;0,6667;0,491;0,8036;0,6165
2020-12-15;"CENTRO-LESTE";109;67;0;0;98;83;0;0;42;0;15;0;109;67;42;98;83;15;207;150;57;0,6147;NA;0,8469;NA;0,6147;0,8469;0,7246
2020-12-15;"CENTRO-NORTE";50;8;0;0;20;16;0;0;42;0;4;0;50;8;42;20;16;4;70;24;46;0,16;NA;0,8;NA;0,16;0,8;0,3429
2020-12-15;"EXTREMO-SUL";30;7;0;0;45;41;0;0;23;0;4;0;30;7;23;45;41;4;75;48;27;0,2333;NA;0,9111;NA;0,2333;0,9111;0,64
2020-12-15;"LESTE";321;217;37;19;444;283;27;10;104;18;161;17;358;236;122;471;293;178;829;529;300;0,676;0,5135;0,6374;0,3704;0,6592;0,6221;0,6381
2020-12-15;"NORDESTE";4;0;0;0;8;3;0;0;4;0;5;0;4;0;4;8;3;5;12;3;9;0;NA;0,375;NA;0;0,375;0,25
2020-12-15;"NORTE";69;23;0;0;40;30;0;0;46;0;10;0;69;23;46;40;30;10;109;53;56;0,3333;NA;0,75;NA;0,3333;0,75;0,4862
2020-12-15;"OESTE";63;17;0;0;40;24;0;0;46;0;16;0;63;17;46;40;24;16;103;41;62;0,2698;NA;0,6;NA;0,2698;0,6;0,3981
2020-12-15;"SUDOESTE";86;35;0;0;70;59;0;0;51;0;11;0;86;35;51;70;59;11;156;94;62;0,407;NA;0,8429;NA;0,407;0,8429;0,6026
2020-12-15;"SUL";157;90;10;3;109;87;3;2;67;7;22;1;167;93;74;112;89;23;279;182;97;0,5732;0,3;0,7982;0,6667;0,5569;0,7946;0,6523
2020-12-16;"CENTRO-LESTE";109;62;0;0;98;84;0;0;47;0;14;0;109;62;47;98;84;14;207;146;61;0,5688;NA;0,8571;NA;0,5688;0,8571;0,7053
2020-12-16;"CENTRO-NORTE";50;7;0;0;20;17;0;0;43;0;3;0;50;7;43;20;17;3;70;24;46;0,14;NA;0,85;NA;0,14;0,85;0,3429
2020-12-16;"EXTREMO-SUL";30;7;0;0;45;39;0;0;23;0;6;0;30;7;23;45;39;6;75;46;29;0,2333;NA;0,8667;NA;0,2333;0,8667;0,6133
2020-12-16;"LESTE";321;254;37;26;444;354;27;19;67;11;90;8;358;280;78;471;373;98;829;653;176;0,7913;0,7027;0,7973;0,7037;0,7821;0,7919;0,7877
2020-12-16;"NORDESTE";4;0;0;0;8;3;0;0;4;0;5;0;4;0;4;8;3;5;12;3;9;0;NA;0,375;NA;0;0,375;0,25
2020-12-16;"NORTE";79;21;0;0;50;34;0;0;58;0;16;0;79;21;58;50;34;16;129;55;74;0,2658;NA;0,68;NA;0,2658;0,68;0,4264
2020-12-16;"OESTE";63;19;0;0;40;23;0;0;44;0;17;0;63;19;44;40;23;17;103;42;61;0,3016;NA;0,575;NA;0,3016;0,575;0,4078
2020-12-16;"SUDOESTE";86;37;0;0;70;59;0;0;49;0;11;0;86;37;49;70;59;11;156;96;60;0,4302;NA;0,8429;NA;0,4302;0,8429;0,6154
2020-12-16;"SUL";157;81;10;3;109;92;3;2;76;7;17;1;167;84;83;112;94;18;279;178;101;0,5159;0,3;0,844;0,6667;0,503;0,8393;0,638
2020-12-17;"CENTRO-LESTE";109;64;0;0;98;78;0;0;45;0;20;0;109;64;45;98;78;20;207;142;65;0,5872;NA;0,7959;NA;0,5872;0,7959;0,686
2020-12-17;"CENTRO-NORTE";50;8;0;0;20;14;0;0;42;0;6;0;50;8;42;20;14;6;70;22;48;0,16;NA;0,7;NA;0,16;0,7;0,3143
2020-12-17;"EXTREMO-SUL";30;10;0;0;45;36;0;0;20;0;9;0;30;10;20;45;36;9;75;46;29;0,3333;NA;0,8;NA;0,3333;0,8;0,6133
2020-12-17;"LESTE";321;256;37;29;454;363;27;17;65;8;91;10;358;285;73;481;380;101;839;665;174;0,7975;0,7838;0,7996;0,6296;0,7961;0,79;0,7926
2020-12-17;"NORDESTE";4;0;0;0;8;6;0;0;4;0;2;0;4;0;4;8;6;2;12;6;6;0;NA;0,75;NA;0;0,75;0,5
2020-12-17;"NORTE";79;25;0;0;60;34;0;0;54;0;26;0;79;25;54;60;34;26;139;59;80;0,3165;NA;0,5667;NA;0,3165;0,5667;0,4245
2020-12-17;"OESTE";63;14;0;0;40;23;0;0;49;0;17;0;63;14;49;40;23;17;103;37;66;0,2222;NA;0,575;NA;0,2222;0,575;0,3592
2020-12-17;"SUDOESTE";86;33;0;0;70;54;0;0;53;0;16;0;86;33;53;70;54;16;156;87;69;0,3837;NA;0,7714;NA;0,3837;0,7714;0,5577
2020-12-17;"SUL";157;76;10;4;109;90;3;3;81;6;19;0;167;80;87;112;93;19;279;173;106;0,4841;0,4;0,8257;1;0,479;0,8304;0,6201
2020-12-18;"CENTRO-LESTE";109;57;0;0;98;84;5;0;52;0;14;5;109;57;52;103;84;19;212;141;71;0,5229;NA;0,8571;0;0,5229;0,8155;0,6651
2020-12-18;"CENTRO-NORTE";50;9;0;0;20;13;0;0;41;0;7;0;50;9;41;20;13;7;70;22;48;0,18;NA;0,65;NA;0,18;0,65;0,3143
2020-12-18;"EXTREMO-SUL";30;9;0;0;45;37;0;0;21;0;8;0;30;9;21;45;37;8;75;46;29;0,3;NA;0,8222;NA;0,3;0,8222;0,6133
2020-12-18;"LESTE";321;253;37;28;474;351;27;19;68;9;123;8;358;281;77;501;370;131;859;651;208;0,7882;0,7568;0,7405;0,7037;0,7849;0,7385;0,7579
2020-12-18;"NORDESTE";4;0;0;0;8;7;0;0;4;0;1;0;4;0;4;8;7;1;12;7;5;0;NA;0,875;NA;0;0,875;0,5833
2020-12-18;"NORTE";79;22;0;0;60;32;0;0;57;0;28;0;79;22;57;60;32;28;139;54;85;0,2785;NA;0,5333;NA;0,2785;0,5333;0,3885
2020-12-18;"OESTE";63;15;0;0;40;27;0;0;48;0;13;0;63;15;48;40;27;13;103;42;61;0,2381;NA;0,675;NA;0,2381;0,675;0,4078
2020-12-18;"SUDOESTE";86;34;0;0;70;53;0;0;52;0;17;0;86;34;52;70;53;17;156;87;69;0,3953;NA;0,7571;NA;0,3953;0,7571;0,5577
2020-12-18;"SUL";137;76;10;4;109;92;3;3;61;6;17;0;147;80;67;112;95;17;259;175;84;0,5547;0,4;0,844;1;0,5442;0,8482;0,6757
2020-12-19;"CENTRO-LESTE";109;53;0;0;98;83;5;0;56;0;15;5;109;53;56;103;83;20;212;136;76;0,4862;NA;0,8469;0;0,4862;0,8058;0,6415
2020-12-19;"CENTRO-NORTE";50;9;0;0;20;11;0;0;41;0;9;0;50;9;41;20;11;9;70;20;50;0,18;NA;0,55;NA;0,18;0,55;0,2857
2020-12-19;"EXTREMO-SUL";30;7;0;0;45;37;0;0;23;0;8;0;30;7;23;45;37;8;75;44;31;0,2333;NA;0,8222;NA;0,2333;0,8222;0,5867
2020-12-19;"LESTE";321;264;37;28;474;346;27;16;57;9;128;11;358;292;66;501;362;139;859;654;205;0,8224;0,7568;0,73;0,5926;0,8156;0,7226;0,7614
2020-12-19;"NORDESTE";4;0;0;0;8;5;0;0;4;0;3;0;4;0;4;8;5;3;12;5;7;0;NA;0,625;NA;0;0,625;0,4167
2020-12-19;"NORTE";79;22;0;0;60;34;0;0;57;0;26;0;79;22;57;60;34;26;139;56;83;0,2785;NA;0,5667;NA;0,2785;0,5667;0,4029
2020-12-19;"OESTE";63;22;0;0;40;24;0;0;41;0;16;0;63;22;41;40;24;16;103;46;57;0,3492;NA;0,6;NA;0,3492;0,6;0,4466
2020-12-19;"SUDOESTE";86;36;0;0;70;55;0;0;50;0;15;0;86;36;50;70;55;15;156;91;65;0,4186;NA;0,7857;NA;0,4186;0,7857;0,5833
2020-12-19;"SUL";137;80;10;4;109;96;3;3;57;6;13;0;147;84;63;112;99;13;259;183;76;0,5839;0,4;0,8807;1;0,5714;0,8839;0,7066
2020-12-20;"CENTRO-LESTE";109;54;0;0;98;84;5;0;55;0;14;5;109;54;55;103;84;19;212;138;74;0,4954;NA;0,8571;0;0,4954;0,8155;0,6509
2020-12-20;"CENTRO-NORTE";50;8;0;0;20;15;0;0;42;0;5;0;50;8;42;20;15;5;70;23;47;0,16;NA;0,75;NA;0,16;0,75;0,3286
2020-12-20;"EXTREMO-SUL";30;6;0;0;45;37;0;0;24;0;8;0;30;6;24;45;37;8;75;43;32;0,2;NA;0,8222;NA;0,2;0,8222;0,5733
2020-12-20;"LESTE";321;262;37;29;474;356;27;16;59;8;118;11;358;291;67;501;372;129;859;663;196;0,8162;0,7838;0,7511;0,5926;0,8128;0,7425;0,7718
2020-12-20;"NORDESTE";4;0;0;0;8;5;0;0;4;0;3;0;4;0;4;8;5;3;12;5;7;0;NA;0,625;NA;0;0,625;0,4167
2020-12-20;"NORTE";79;14;0;0;60;40;0;0;65;0;20;0;79;14;65;60;40;20;139;54;85;0,1772;NA;0,6667;NA;0,1772;0,6667;0,3885
2020-12-20;"OESTE";63;23;0;0;40;24;0;0;40;0;16;0;63;23;40;40;24;16;103;47;56;0,3651;NA;0,6;NA;0,3651;0,6;0,4563
2020-12-20;"SUDOESTE";86;31;0;0;70;58;0;0;55;0;12;0;86;31;55;70;58;12;156;89;67;0,3605;NA;0,8286;NA;0,3605;0,8286;0,5705
2020-12-20;"SUL";137;65;10;6;109;94;3;1;72;4;15;2;147;71;76;112;95;17;259;166;93;0,4745;0,6;0,8624;0,3333;0,483;0,8482;0,6409
2020-12-21;"CENTRO-LESTE";109;54;0;0;98;86;5;5;55;0;12;0;109;54;55;103;91;12;212;145;67;0,4954;NA;0,8776;1;0,4954;0,8835;0,684
2020-12-21;"CENTRO-NORTE";50;6;0;0;20;15;0;0;44;0;5;0;50;6;44;20;15;5;70;21;49;0,12;NA;0,75;NA;0,12;0,75;0,3
2020-12-21;"EXTREMO-SUL";30;8;0;0;45;40;0;0;22;0;5;0;30;8;22;45;40;5;75;48;27;0,2667;NA;0,8889;NA;0,2667;0,8889;0,64
2020-12-21;"LESTE";321;267;37;27;474;354;27;16;54;10;120;11;358;294;64;501;370;131;859;664;195;0,8318;0,7297;0,7468;0,5926;0,8212;0,7385;0,773
2020-12-21;"NORDESTE";4;0;0;0;8;8;0;0;4;0;0;0;4;0;4;8;8;0;12;8;4;0;NA;1;NA;0;1;0,6667
2020-12-21;"NORTE";79;14;0;0;60;38;0;0;65;0;22;0;79;14;65;60;38;22;139;52;87;0,1772;NA;0,6333;NA;0,1772;0,6333;0,3741
2020-12-21;"OESTE";63;16;0;0;40;25;0;0;47;0;15;0;63;16;47;40;25;15;103;41;62;0,254;NA;0,625;NA;0,254;0,625;0,3981
2020-12-21;"SUDOESTE";86;29;0;0;70;62;0;0;57;0;8;0;86;29;57;70;62;8;156;91;65;0,3372;NA;0,8857;NA;0,3372;0,8857;0,5833
2020-12-21;"SUL";137;65;10;7;109;93;3;3;72;3;16;0;147;72;75;112;96;16;259;168;91;0,4745;0,7;0,8532;1;0,4898;0,8571;0,6486
2020-12-22;"CENTRO-LESTE";109;50;0;0;98;88;5;0;59;0;10;5;109;50;59;103;88;15;212;138;74;0,4587;NA;0,898;0;0,4587;0,8544;0,6509
2020-12-22;"CENTRO-NORTE";50;11;0;0;20;14;0;0;39;0;6;0;50;11;39;20;14;6;70;25;45;0,22;NA;0,7;NA;0,22;0,7;0,3571
2020-12-22;"EXTREMO-SUL";30;10;0;0;45;38;0;0;20;0;7;0;30;10;20;45;38;7;75;48;27;0,3333;NA;0,8444;NA;0,3333;0,8444;0,64
2020-12-22;"LESTE";331;263;37;24;474;358;27;18;68;13;116;9;368;287;81;501;376;125;869;663;206;0,7946;0,6486;0,7553;0,6667;0,7799;0,7505;0,7629
2020-12-22;"NORDESTE";4;0;0;0;8;6;0;0;4;0;2;0;4;0;4;8;6;2;12;6;6;0;NA;0,75;NA;0;0,75;0,5
2020-12-22;"NORTE";79;18;0;0;60;41;0;0;61;0;19;0;79;18;61;60;41;19;139;59;80;0,2278;NA;0,6833;NA;0,2278;0,6833;0,4245
2020-12-22;"OESTE";63;15;0;0;40;24;0;0;48;0;16;0;63;15;48;40;24;16;103;39;64;0,2381;NA;0,6;NA;0,2381;0,6;0,3786
2020-12-22;"SUDOESTE";86;30;0;0;70;59;0;0;56;0;11;0;86;30;56;70;59;11;156;89;67;0,3488;NA;0,8429;NA;0,3488;0,8429;0,5705
2020-12-22;"SUL";137;72;10;5;109;90;3;2;65;5;19;1;147;77;70;112;92;20;259;169;90;0,5255;0,5;0,8257;0,6667;0,5238;0,8214;0,6525
2020-12-23;"CENTRO-LESTE";109;59;0;0;98;89;5;3;50;0;9;2;109;59;50;103;92;11;212;151;61;0,5413;NA;0,9082;0,6;0,5413;0,8932;0,7123
2020-12-23;"CENTRO-NORTE";50;13;0;0;20;17;0;0;37;0;3;0;50;13;37;20;17;3;70;30;40;0,26;NA;0,85;NA;0,26;0,85;0,4286
2020-12-23;"EXTREMO-SUL";30;6;0;0;45;37;0;0;24;0;8;0;30;6;24;45;37;8;75;43;32;0,2;NA;0,8222;NA;0,2;0,8222;0,5733
2020-12-23;"LESTE";387;251;37;26;473;349;27;18;136;11;124;9;424;277;147;500;367;133;924;644;280;0,6486;0,7027;0,7378;0,6667;0,6533;0,734;0,697
2020-12-23;"NORDESTE";4;0;0;0;8;6;0;0;4;0;2;0;4;0;4;8;6;2;12;6;6;0;NA;0,75;NA;0;0,75;0,5
2020-12-23;"NORTE";79;17;0;0;60;42;0;0;62;0;18;0;79;17;62;60;42;18;139;59;80;0,2152;NA;0,7;NA;0,2152;0,7;0,4245
2020-12-23;"OESTE";63;14;0;0;40;28;0;0;49;0;12;0;63;14;49;40;28;12;103;42;61;0,2222;NA;0,7;NA;0,2222;0,7;0,4078
2020-12-23;"SUDOESTE";86;38;0;0;70;55;0;0;48;0;15;0;86;38;48;70;55;15;156;93;63;0,4419;NA;0,7857;NA;0,4419;0,7857;0,5962
2020-12-23;"SUL";143;76;10;4;115;95;3;2;67;6;20;1;153;80;73;118;97;21;271;177;94;0,5315;0,4;0,8261;0,6667;0,5229;0,822;0,6531
2020-12-24;"CENTRO-LESTE";109;65;0;0;98;85;5;0;44;0;13;5;109;65;44;103;85;18;212;150;62;0,5963;NA;0,8673;0;0,5963;0,8252;0,7075
2020-12-24;"CENTRO-NORTE";50;13;0;0;20;17;0;0;37;0;3;0;50;13;37;20;17;3;70;30;40;0,26;NA;0,85;NA;0,26;0,85;0,4286
2020-12-24;"EXTREMO-SUL";30;7;0;0;45;39;0;0;23;0;6;0;30;7;23;45;39;6;75;46;29;0,2333;NA;0,8667;NA;0,2333;0,8667;0,6133
2020-12-24;"LESTE";387;262;37;29;473;351;27;17;125;8;122;10;424;291;133;500;368;132;924;659;265;0,677;0,7838;0,7421;0,6296;0,6863;0,736;0,7132
2020-12-24;"NORDESTE";4;0;0;0;8;7;0;0;4;0;1;0;4;0;4;8;7;1;12;7;5;0;NA;0,875;NA;0;0,875;0,5833
2020-12-24;"NORTE";79;8;0;0;60;46;0;0;71;0;14;0;79;8;71;60;46;14;139;54;85;0,1013;NA;0,7667;NA;0,1013;0,7667;0,3885
2020-12-24;"OESTE";63;11;0;0;40;28;0;0;52;0;12;0;63;11;52;40;28;12;103;39;64;0,1746;NA;0,7;NA;0,1746;0,7;0,3786
2020-12-24;"SUDOESTE";86;38;0;0;70;61;0;0;48;0;9;0;86;38;48;70;61;9;156;99;57;0,4419;NA;0,8714;NA;0,4419;0,8714;0,6346
2020-12-24;"SUL";143;76;10;4;115;96;3;3;67;6;19;0;153;80;73;118;99;19;271;179;92;0,5315;0,4;0,8348;1;0,5229;0,839;0,6605
2020-12-25;"CENTRO-LESTE";109;57;0;0;98;82;5;0;52;0;16;5;109;57;52;103;82;21;212;139;73;0,5229;NA;0,8367;0;0,5229;0,7961;0,6557
2020-12-25;"CENTRO-NORTE";50;13;0;0;20;17;0;0;37;0;3;0;50;13;37;20;17;3;70;30;40;0,26;NA;0,85;NA;0,26;0,85;0,4286
2020-12-25;"EXTREMO-SUL";30;8;0;0;45;38;0;0;22;0;7;0;30;8;22;45;38;7;75;46;29;0,2667;NA;0,8444;NA;0,2667;0,8444;0,6133
2020-12-25;"LESTE";387;263;37;23;483;322;27;16;124;14;161;11;424;286;138;510;338;172;934;624;310;0,6796;0,6216;0,6667;0,5926;0,6745;0,6627;0,6681
2020-12-25;"NORDESTE";4;0;0;0;8;8;0;0;4;0;0;0;4;0;4;8;8;0;12;8;4;0;NA;1;NA;0;1;0,6667
2020-12-25;"NORTE";79;7;0;0;60;43;0;0;72;0;17;0;79;7;72;60;43;17;139;50;89;0,0886;NA;0,7167;NA;0,0886;0,7167;0,3597
2020-12-25;"OESTE";63;13;0;0;40;30;0;0;50;0;10;0;63;13;50;40;30;10;103;43;60;0,2063;NA;0,75;NA;0,2063;0,75;0,4175
2020-12-25;"SUDOESTE";86;36;0;0;70;58;0;0;50;0;12;0;86;36;50;70;58;12;156;94;62;0,4186;NA;0,8286;NA;0,4186;0,8286;0,6026
2020-12-25;"SUL";143;70;10;5;115;95;3;2;73;5;20;1;153;75;78;118;97;21;271;172;99;0,4895;0,5;0,8261;0,6667;0,4902;0,822;0,6347
2020-12-26;"CENTRO-LESTE";109;54;0;0;98;81;5;0;55;0;17;5;109;54;55;103;81;22;212;135;77;0,4954;NA;0,8265;0;0,4954;0,7864;0,6368
2020-12-26;"CENTRO-NORTE";50;13;0;0;20;17;0;0;37;0;3;0;50;13;37;20;17;3;70;30;40;0,26;NA;0,85;NA;0,26;0,85;0,4286
2020-12-26;"EXTREMO-SUL";30;7;0;0;45;38;0;0;23;0;7;0;30;7;23;45;38;7;75;45;30;0,2333;NA;0,8444;NA;0,2333;0,8444;0,6
2020-12-26;"LESTE";387;256;37;27;483;342;27;18;131;10;141;9;424;283;141;510;360;150;934;643;291;0,6615;0,7297;0,7081;0,6667;0,6675;0,7059;0,6884
2020-12-26;"NORDESTE";4;0;0;0;8;8;0;0;4;0;0;0;4;0;4;8;8;0;12;8;4;0;NA;1;NA;0;1;0,6667
2020-12-26;"NORTE";79;13;0;0;60;45;0;0;66;0;15;0;79;13;66;60;45;15;139;58;81;0,1646;NA;0,75;NA;0,1646;0,75;0,4173
2020-12-26;"OESTE";63;15;0;0;40;28;0;0;48;0;12;0;63;15;48;40;28;12;103;43;60;0,2381;NA;0,7;NA;0,2381;0,7;0,4175
2020-12-26;"SUDOESTE";86;36;0;0;70;60;0;0;50;0;10;0;86;36;50;70;60;10;156;96;60;0,4186;NA;0,8571;NA;0,4186;0,8571;0,6154
2020-12-26;"SUL";143;74;10;3;115;93;3;2;69;7;22;1;153;77;76;118;95;23;271;172;99;0,5175;0,3;0,8087;0,6667;0,5033;0,8051;0,6347
2020-12-27;"CENTRO-LESTE";109;51;0;0;98;79;5;0;58;0;19;5;109;51;58;103;79;24;212;130;82;0,4679;NA;0,8061;0;0,4679;0,767;0,6132
2020-12-27;"CENTRO-NORTE";50;17;0;0;20;16;0;0;33;0;4;0;50;17;33;20;16;4;70;33;37;0,34;NA;0,8;NA;0,34;0,8;0,4714
2020-12-27;"EXTREMO-SUL";30;7;0;0;45;37;0;0;23;0;8;0;30;7;23;45;37;8;75;44;31;0,2333;NA;0,8222;NA;0,2333;0,8222;0,5867
2020-12-27;"LESTE";387;260;37;29;483;362;27;19;127;8;121;8;424;289;135;510;381;129;934;670;264;0,6718;0,7838;0,7495;0,7037;0,6816;0,7471;0,7173
2020-12-27;"NORDESTE";4;0;0;0;8;7;0;0;4;0;1;0;4;0;4;8;7;1;12;7;5;0;NA;0,875;NA;0;0,875;0,5833
2020-12-27;"NORTE";79;16;0;0;60;43;0;0;63;0;17;0;79;16;63;60;43;17;139;59;80;0,2025;NA;0,7167;NA;0,2025;0,7167;0,4245
2020-12-27;"OESTE";63;12;0;0;40;28;0;0;51;0;12;0;63;12;51;40;28;12;103;40;63;0,1905;NA;0,7;NA;0,1905;0,7;0,3883
2020-12-27;"SUDOESTE";86;38;0;0;70;58;0;0;48;0;12;0;86;38;48;70;58;12;156;96;60;0,4419;NA;0,8286;NA;0,4419;0,8286;0,6154
2020-12-27;"SUL";143;71;10;3;115;97;3;2;72;7;18;1;153;74;79;118;99;19;271;173;98;0,4965;0,3;0,8435;0,6667;0,4837;0,839;0,6384
2020-12-28;"CENTRO-LESTE";109;54;0;0;98;77;5;0;55;0;21;5;109;54;55;103;77;26;212;131;81;0,4954;NA;0,7857;0;0,4954;0,7476;0,6179
2020-12-28;"CENTRO-NORTE";50;14;0;0;20;14;0;0;36;0;6;0;50;14;36;20;14;6;70;28;42;0,28;NA;0,7;NA;0,28;0,7;0,4
2020-12-28;"EXTREMO-SUL";30;7;0;0;45;37;0;0;23;0;8;0;30;7;23;45;37;8;75;44;31;0,2333;NA;0,8222;NA;0,2333;0,8222;0,5867
2020-12-28;"LESTE";392;264;37;32;493;369;27;16;128;5;124;11;429;296;133;520;385;135;949;681;268;0,6735;0,8649;0,7485;0,5926;0,69;0,7404;0,7176
2020-12-28;"NORDESTE";4;0;0;0;8;4;0;0;4;0;4;0;4;0;4;8;4;4;12;4;8;0;NA;0,5;NA;0;0,5;0,3333
2020-12-28;"NORTE";79;13;0;0;60;45;0;0;66;0;15;0;79;13;66;60;45;15;139;58;81;0,1646;NA;0,75;NA;0,1646;0,75;0,4173
2020-12-28;"OESTE";63;13;0;0;40;26;0;0;50;0;14;0;63;13;50;40;26;14;103;39;64;0,2063;NA;0,65;NA;0,2063;0,65;0,3786
2020-12-28;"SUDOESTE";86;34;0;0;70;59;0;0;52;0;11;0;86;34;52;70;59;11;156;93;63;0,3953;NA;0,8429;NA;0,3953;0,8429;0,5962
2020-12-28;"SUL";143;69;10;3;115;95;3;2;74;7;20;1;153;72;81;118;97;21;271;169;102;0,4825;0,3;0,8261;0,6667;0,4706;0,822;0,6236
2020-12-29;"CENTRO-LESTE";109;47;0;0;98;72;5;0;62;0;26;5;109;47;62;103;72;31;212;119;93;0,4312;NA;0,7347;0;0,4312;0,699;0,5613
2020-12-29;"CENTRO-NORTE";50;16;0;0;20;15;0;0;34;0;5;0;50;16;34;20;15;5;70;31;39;0,32;NA;0,75;NA;0,32;0,75;0,4429
2020-12-29;"EXTREMO-SUL";30;5;0;0;45;39;0;0;25;0;6;0;30;5;25;45;39;6;75;44;31;0,1667;NA;0,8667;NA;0,1667;0,8667;0,5867
2020-12-29;"LESTE";401;280;37;29;493;354;27;17;121;8;139;10;438;309;129;520;371;149;958;680;278;0,6983;0,7838;0,7181;0,6296;0,7055;0,7135;0,7098
2020-12-29;"NORDESTE";4;0;0;0;8;4;0;0;4;0;4;0;4;0;4;8;4;4;12;4;8;0;NA;0,5;NA;0;0,5;0,3333
2020-12-29;"NORTE";79;18;0;0;60;43;0;0;61;0;17;0;79;18;61;60;43;17;139;61;78;0,2278;NA;0,7167;NA;0,2278;0,7167;0,4388
2020-12-29;"OESTE";63;14;0;0;40;22;0;0;49;0;18;0;63;14;49;40;22;18;103;36;67;0,2222;NA;0,55;NA;0,2222;0,55;0,3495
2020-12-29;"SUDOESTE";86;25;0;0;70;56;0;0;61;0;14;0;86;25;61;70;56;14;156;81;75;0,2907;NA;0,8;NA;0,2907;0,8;0,5192
2020-12-29;"SUL";143;81;10;2;115;97;3;3;62;8;18;0;153;83;70;118;100;18;271;183;88;0,5664;0,2;0,8435;1;0,5425;0,8475;0,6753
2020-12-30;"CENTRO-LESTE";109;50;0;0;98;72;5;0;59;0;26;5;109;50;59;103;72;31;212;122;90;0,4587;NA;0,7347;0;0,4587;0,699;0,5755
2020-12-30;"CENTRO-NORTE";50;16;0;0;20;16;0;0;34;0;4;0;50;16;34;20;16;4;70;32;38;0,32;NA;0,8;NA;0,32;0,8;0,4571
2020-12-30;"EXTREMO-SUL";30;6;0;0;45;36;0;0;24;0;9;0;30;6;24;45;36;9;75;42;33;0,2;NA;0,8;NA;0,2;0,8;0,56
2020-12-30;"LESTE";401;288;37;21;503;363;27;22;113;16;140;5;438;309;129;530;385;145;968;694;274;0,7182;0,5676;0,7217;0,8148;0,7055;0,7264;0,7169
2020-12-30;"NORDESTE";4;0;0;0;8;4;0;0;4;0;4;0;4;0;4;8;4;4;12;4;8;0;NA;0,5;NA;0;0,5;0,3333
2020-12-30;"NORTE";79;13;0;0;60;45;0;0;66;0;15;0;79;13;66;60;45;15;139;58;81;0,1646;NA;0,75;NA;0,1646;0,75;0,4173
2020-12-30;"OESTE";63;11;0;0;40;22;0;0;52;0;18;0;63;11;52;40;22;18;103;33;70;0,1746;NA;0,55;NA;0,1746;0,55;0,3204
2020-12-30;"SUDOESTE";86;30;0;0;70;57;0;0;56;0;13;0;86;30;56;70;57;13;156;87;69;0,3488;NA;0,8143;NA;0,3488;0,8143;0,5577
2020-12-30;"SUL";143;79;10;2;115;97;3;2;64;8;18;1;153;81;72;118;99;19;271;180;91;0,5524;0,2;0,8435;0,6667;0,5294;0,839;0,6642
2020-12-31;"CENTRO-LESTE";109;49;0;0;98;73;5;0;60;0;25;5;109;49;60;103;73;30;212;122;90;0,4495;NA;0,7449;0;0,4495;0,7087;0,5755
2020-12-31;"CENTRO-NORTE";50;9;0;0;20;17;0;0;41;0;3;0;50;9;41;20;17;3;70;26;44;0,18;NA;0,85;NA;0,18;0,85;0,3714
2020-12-31;"EXTREMO-SUL";30;6;0;0;45;37;0;0;24;0;8;0;30;6;24;45;37;8;75;43;32;0,2;NA;0,8222;NA;0,2;0,8222;0,5733
2020-12-31;"LESTE";401;284;37;22;503;364;27;20;117;15;139;7;438;306;132;530;384;146;968;690;278;0,7082;0,5946;0,7237;0,7407;0,6986;0,7245;0,7128
2020-12-31;"NORDESTE";4;0;0;0;8;4;0;0;4;0;4;0;4;0;4;8;4;4;12;4;8;0;NA;0,5;NA;0;0,5;0,3333
2020-12-31;"NORTE";79;14;0;0;60;46;0;0;65;0;14;0;79;14;65;60;46;14;139;60;79;0,1772;NA;0,7667;NA;0,1772;0,7667;0,4317
2020-12-31;"OESTE";63;14;0;0;40;27;0;0;49;0;13;0;63;14;49;40;27;13;103;41;62;0,2222;NA;0,675;NA;0,2222;0,675;0,3981
2020-12-31;"SUDOESTE";86;32;0;0;70;61;0;0;54;0;9;0;86;32;54;70;61;9;156;93;63;0,3721;NA;0,8714;NA;0,3721;0,8714;0,5962
2020-12-31;"SUL";143;71;10;2;115;96;3;3;72;8;19;0;153;73;80;118;99;19;271;172;99;0,4965;0,2;0,8348;1;0,4771;0,839;0,6347
2021-01-01;"CENTRO-LESTE";109;54;0;0;98;77;5;0;55;0;21;5;109;54;55;103;77;26;212;131;81;0,4954;NA;0,7857;0;0,4954;0,7476;0,6179
2021-01-01;"CENTRO-NORTE";50;3;0;0;20;15;0;0;47;0;5;0;50;3;47;20;15;5;70;18;52;0,06;NA;0,75;NA;0,06;0,75;0,2571
2021-01-01;"EXTREMO-SUL";30;7;0;0;45;38;0;0;23;0;7;0;30;7;23;45;38;7;75;45;30;0,2333;NA;0,8444;NA;0,2333;0,8444;0,6
2021-01-01;"LESTE";401;263;37;24;503;358;27;20;138;13;145;7;438;287;151;530;378;152;968;665;303;0,6559;0,6486;0,7117;0,7407;0,6553;0,7132;0,687
2021-01-01;"NORDESTE";4;0;0;0;8;4;0;0;4;0;4;0;4;0;4;8;4;4;12;4;8;0;NA;0,5;NA;0;0,5;0,3333
2021-01-01;"NORTE";79;15;0;0;60;45;0;0;64;0;15;0;79;15;64;60;45;15;139;60;79;0,1899;NA;0,75;NA;0,1899;0,75;0,4317
2021-01-01;"OESTE";63;16;0;0;40;27;0;0;47;0;13;0;63;16;47;40;27;13;103;43;60;0,254;NA;0,675;NA;0,254;0,675;0,4175
2021-01-01;"SUDOESTE";86;27;0;0;70;56;0;0;59;0;14;0;86;27;59;70;56;14;156;83;73;0,314;NA;0,8;NA;0,314;0,8;0,5321
2021-01-01;"SUL";143;66;10;2;115;94;3;3;77;8;21;0;153;68;85;118;97;21;271;165;106;0,4615;0,2;0,8174;1;0,4444;0,822;0,6089
2021-01-02;"CENTRO-LESTE";109;47;0;0;98;82;5;0;62;0;16;5;109;47;62;103;82;21;212;129;83;0,4312;NA;0,8367;0;0,4312;0,7961;0,6085
2021-01-02;"CENTRO-NORTE";50;0;0;0;20;12;0;0;50;0;8;0;50;0;50;20;12;8;70;12;58;0;NA;0,6;NA;0;0,6;0,1714
2021-01-02;"EXTREMO-SUL";30;8;0;0;45;37;0;0;22;0;8;0;30;8;22;45;37;8;75;45;30;0,2667;NA;0,8222;NA;0,2667;0,8222;0,6
2021-01-02;"LESTE";401;251;37;22;503;350;27;18;150;15;153;9;438;273;165;530;368;162;968;641;327;0,6259;0,5946;0,6958;0,6667;0,6233;0,6943;0,6622
2021-01-02;"NORDESTE";4;0;0;0;8;4;0;0;4;0;4;0;4;0;4;8;4;4;12;4;8;0;NA;0,5;NA;0;0,5;0,3333
2021-01-02;"NORTE";79;15;0;0;60;45;0;0;64;0;15;0;79;15;64;60;45;15;139;60;79;0,1899;NA;0,75;NA;0,1899;0,75;0,4317
2021-01-02;"OESTE";63;19;0;0;40;27;0;0;44;0;13;0;63;19;44;40;27;13;103;46;57;0,3016;NA;0,675;NA;0,3016;0,675;0,4466
2021-01-02;"SUDOESTE";86;27;0;0;70;58;0;0;59;0;12;0;86;27;59;70;58;12;156;85;71;0,314;NA;0,8286;NA;0,314;0,8286;0,5449
2021-01-02;"SUL";143;66;10;2;115;99;3;3;77;8;16;0;153;68;85;118;102;16;271;170;101;0,4615;0,2;0,8609;1;0,4444;0,8644;0,6273
2021-01-03;"CENTRO-LESTE";109;48;0;0;98;85;5;0;61;0;13;5;109;48;61;103;85;18;212;133;79;0,4404;NA;0,8673;0;0,4404;0,8252;0,6274
2021-01-03;"CENTRO-NORTE";50;0;0;0;20;14;0;0;50;0;6;0;50;0;50;20;14;6;70;14;56;0;NA;0,7;NA;0;0,7;0,2
2021-01-03;"EXTREMO-SUL";30;8;0;0;45;37;0;0;22;0;8;0;30;8;22;45;37;8;75;45;30;0,2667;NA;0,8222;NA;0,2667;0,8222;0,6
2021-01-03;"LESTE";401;273;37;24;503;336;27;16;128;13;167;11;438;297;141;530;352;178;968;649;319;0,6808;0,6486;0,668;0,5926;0,6781;0,6642;0,6705
2021-01-03;"NORDESTE";4;0;0;0;8;4;0;0;4;0;4;0;4;0;4;8;4;4;12;4;8;0;NA;0,5;NA;0;0,5;0,3333
2021-01-03;"NORTE";79;12;0;0;60;44;0;0;67;0;16;0;79;12;67;60;44;16;139;56;83;0,1519;NA;0,7333;NA;0,1519;0,7333;0,4029
2021-01-03;"OESTE";63;17;0;0;40;27;0;0;46;0;13;0;63;17;46;40;27;13;103;44;59;0,2698;NA;0,675;NA;0,2698;0,675;0,4272
2021-01-03;"SUDOESTE";86;25;0;0;70;58;0;0;61;0;12;0;86;25;61;70;58;12;156;83;73;0,2907;NA;0,8286;NA;0,2907;0,8286;0,5321
2021-01-03;"SUL";143;65;10;2;115;101;3;3;78;8;14;0;153;67;86;118;104;14;271;171;100;0,4545;0,2;0,8783;1;0,4379;0,8814;0,631
2021-01-04;"CENTRO-LESTE";109;51;0;0;98;82;5;0;58;0;16;5;109;51;58;103;82;21;212;133;79;0,4679;NA;0,8367;0;0,4679;0,7961;0,6274
2021-01-04;"CENTRO-NORTE";50;0;0;0;20;13;0;0;50;0;7;0;50;0;50;20;13;7;70;13;57;0;NA;0,65;NA;0;0,65;0,1857
2021-01-04;"EXTREMO-SUL";30;7;0;0;45;33;0;0;23;0;12;0;30;7;23;45;33;12;75;40;35;0,2333;NA;0,7333;NA;0,2333;0,7333;0,5333
2021-01-04;"LESTE";401;265;37;26;503;324;27;17;136;11;179;10;438;291;147;530;341;189;968;632;336;0,6608;0,7027;0,6441;0,6296;0,6644;0,6434;0,6529
2021-01-04;"NORDESTE";4;0;0;0;8;4;0;0;4;0;4;0;4;0;4;8;4;4;12;4;8;0;NA;0,5;NA;0;0,5;0,3333
2021-01-04;"NORTE";79;10;0;0;60;48;0;0;69;0;12;0;79;10;69;60;48;12;139;58;81;0,1266;NA;0,8;NA;0,1266;0,8;0,4173
2021-01-04;"OESTE";63;17;0;0;40;24;0;0;46;0;16;0;63;17;46;40;24;16;103;41;62;0,2698;NA;0,6;NA;0,2698;0,6;0,3981
2021-01-04;"SUDOESTE";86;26;0;0;70;57;0;0;60;0;13;0;86;26;60;70;57;13;156;83;73;0,3023;NA;0,8143;NA;0,3023;0,8143;0,5321
2021-01-04;"SUL";143;66;10;4;115;96;3;3;77;6;19;0;153;70;83;118;99;19;271;169;102;0,4615;0,4;0,8348;1;0,4575;0,839;0,6236
2021-01-05;"CENTRO-LESTE";109;49;0;0;98;78;5;0;60;0;20;5;109;49;60;103;78;25;212;127;85;0,4495;NA;0,7959;0;0,4495;0,7573;0,5991
2021-01-05;"CENTRO-NORTE";50;4;0;0;20;13;0;0;46;0;7;0;50;4;46;20;13;7;70;17;53;0,08;NA;0,65;NA;0,08;0,65;0,2429
2021-01-05;"EXTREMO-SUL";30;8;0;0;45;32;0;0;22;0;13;0;30;8;22;45;32;13;75;40;35;0,2667;NA;0,7111;NA;0,2667;0,7111;0,5333
2021-01-05;"LESTE";401;272;37;29;503;336;27;17;129;8;167;10;438;301;137;530;353;177;968;654;314;0,6783;0,7838;0,668;0,6296;0,6872;0,666;0,6756
2021-01-05;"NORDESTE";4;0;0;0;8;4;0;0;4;0;4;0;4;0;4;8;4;4;12;4;8;0;NA;0,5;NA;0;0,5;0,3333
2021-01-05;"NORTE";79;20;0;0;60;45;0;0;59;0;15;0;79;20;59;60;45;15;139;65;74;0,2532;NA;0,75;NA;0,2532;0,75;0,4676
2021-01-05;"OESTE";63;14;0;0;40;30;0;0;49;0;10;0;63;14;49;40;30;10;103;44;59;0,2222;NA;0,75;NA;0,2222;0,75;0,4272
2021-01-05;"SUDOESTE";86;36;0;0;70;54;0;0;50;0;16;0;86;36;50;70;54;16;156;90;66;0,4186;NA;0,7714;NA;0,4186;0,7714;0,5769
2021-01-05;"SUL";143;66;10;4;115;95;3;3;77;6;20;0;153;70;83;118;98;20;271;168;103;0,4615;0,4;0,8261;1;0,4575;0,8305;0,6199
2021-01-06;"CENTRO-LESTE";109;50;0;0;98;81;5;0;59;0;17;5;109;50;59;103;81;22;212;131;81;0,4587;NA;0,8265;0;0,4587;0,7864;0,6179
2021-01-06;"CENTRO-NORTE";50;3;0;0;20;13;0;0;47;0;7;0;50;3;47;20;13;7;70;16;54;0,06;NA;0,65;NA;0,06;0,65;0,2286
2021-01-06;"EXTREMO-SUL";30;7;0;0;45;31;0;0;23;0;14;0;30;7;23;45;31;14;75;38;37;0,2333;NA;0,6889;NA;0,2333;0,6889;0,5067
2021-01-06;"LESTE";411;272;37;25;513;350;27;22;139;12;163;5;448;297;151;540;372;168;988;669;319;0,6618;0,6757;0,6823;0,8148;0,6629;0,6889;0,6771
2021-01-06;"NORDESTE";4;0;0;0;8;4;0;0;4;0;4;0;4;0;4;8;4;4;12;4;8;0;NA;0,5;NA;0;0,5;0,3333
2021-01-06;"NORTE";79;20;0;0;60;46;0;0;59;0;14;0;79;20;59;60;46;14;139;66;73;0,2532;NA;0,7667;NA;0,2532;0,7667;0,4748
2021-01-06;"OESTE";63;12;0;0;40;25;0;0;51;0;15;0;63;12;51;40;25;15;103;37;66;0,1905;NA;0,625;NA;0,1905;0,625;0,3592
2021-01-06;"SUDOESTE";86;38;0;0;70;55;0;0;48;0;15;0;86;38;48;70;55;15;156;93;63;0,4419;NA;0,7857;NA;0,4419;0,7857;0,5962
2021-01-06;"SUL";143;66;10;4;115;95;3;3;77;6;20;0;153;70;83;118;98;20;271;168;103;0,4615;0,4;0,8261;1;0,4575;0,8305;0,6199
2021-01-07;"CENTRO-LESTE";109;46;0;0;98;79;5;0;63;0;19;5;109;46;63;103;79;24;212;125;87;0,422;NA;0,8061;0;0,422;0,767;0,5896
2021-01-07;"CENTRO-NORTE";50;4;0;0;20;14;0;0;46;0;6;0;50;4;46;20;14;6;70;18;52;0,08;NA;0,7;NA;0,08;0,7;0,2571
2021-01-07;"EXTREMO-SUL";30;7;0;0;45;36;0;0;23;0;9;0;30;7;23;45;36;9;75;43;32;0,2333;NA;0,8;NA;0,2333;0,8;0,5733
2021-01-07;"LESTE";411;261;37;26;513;351;27;21;150;11;162;6;448;287;161;540;372;168;988;659;329;0,635;0,7027;0,6842;0,7778;0,6406;0,6889;0,667
2021-01-07;"NORDESTE";4;0;0;0;8;7;0;0;4;0;1;0;4;0;4;8;7;1;12;7;5;0;NA;0,875;NA;0;0,875;0,5833
2021-01-07;"NORTE";79;23;0;0;60;45;0;0;56;0;15;0;79;23;56;60;45;15;139;68;71;0,2911;NA;0,75;NA;0,2911;0,75;0,4892
2021-01-07;"OESTE";63;15;0;0;40;25;0;0;48;0;15;0;63;15;48;40;25;15;103;40;63;0,2381;NA;0,625;NA;0,2381;0,625;0,3883
2021-01-07;"SUDOESTE";86;33;0;0;70;62;0;0;53;0;8;0;86;33;53;70;62;8;156;95;61;0,3837;NA;0,8857;NA;0,3837;0,8857;0,609
2021-01-07;"SUL";143;65;10;4;115;102;3;3;78;6;13;0;153;69;84;118;105;13;271;174;97;0,4545;0,4;0,887;1;0,451;0,8898;0,6421
2021-01-08;"CENTRO-LESTE";109;49;0;0;98;75;5;0;60;0;23;5;109;49;60;103;75;28;212;124;88;0,4495;NA;0,7653;0;0,4495;0,7282;0,5849
2021-01-08;"CENTRO-NORTE";50;3;0;0;20;13;0;0;47;0;7;0;50;3;47;20;13;7;70;16;54;0,06;NA;0,65;NA;0,06;0,65;0,2286
2021-01-08;"EXTREMO-SUL";30;7;0;0;45;35;0;0;23;0;10;0;30;7;23;45;35;10;75;42;33;0,2333;NA;0,7778;NA;0,2333;0,7778;0,56
2021-01-08;"LESTE";411;260;37;28;513;362;27;21;151;9;151;6;448;288;160;540;383;157;988;671;317;0,6326;0,7568;0,7057;0,7778;0,6429;0,7093;0,6791
2021-01-08;"NORDESTE";4;0;0;0;8;7;0;0;4;0;1;0;4;0;4;8;7;1;12;7;5;0;NA;0,875;NA;0;0,875;0,5833
2021-01-08;"NORTE";79;18;0;0;60;42;0;0;61;0;18;0;79;18;61;60;42;18;139;60;79;0,2278;NA;0,7;NA;0,2278;0,7;0,4317
2021-01-08;"OESTE";63;14;0;0;40;25;0;0;49;0;15;0;63;14;49;40;25;15;103;39;64;0,2222;NA;0,625;NA;0,2222;0,625;0,3786
2021-01-08;"SUDOESTE";86;39;0;0;70;62;0;0;47;0;8;0;86;39;47;70;62;8;156;101;55;0,4535;NA;0,8857;NA;0,4535;0,8857;0,6474
2021-01-08;"SUL";143;68;10;2;115;98;3;3;75;8;17;0;153;70;83;118;101;17;271;171;100;0,4755;0,2;0,8522;1;0,4575;0,8559;0,631
2021-01-09;"CENTRO-LESTE";109;50;0;0;98;68;5;0;59;0;30;5;109;50;59;103;68;35;212;118;94;0,4587;NA;0,6939;0;0,4587;0,6602;0,5566
2021-01-09;"CENTRO-NORTE";50;4;0;0;20;13;0;0;46;0;7;0;50;4;46;20;13;7;70;17;53;0,08;NA;0,65;NA;0,08;0,65;0,2429
2021-01-09;"EXTREMO-SUL";30;6;0;0;45;36;0;0;24;0;9;0;30;6;24;45;36;9;75;42;33;0,2;NA;0,8;NA;0,2;0,8;0,56
2021-01-09;"LESTE";416;267;37;29;518;335;27;21;149;8;183;6;453;296;157;545;356;189;998;652;346;0,6418;0,7838;0,6467;0,7778;0,6534;0,6532;0,6533
2021-01-09;"NORDESTE";4;0;0;0;8;4;0;0;4;0;4;0;4;0;4;8;4;4;12;4;8;0;NA;0,5;NA;0;0,5;0,3333
2021-01-09;"NORTE";79;23;0;0;60;44;0;0;56;0;16;0;79;23;56;60;44;16;139;67;72;0,2911;NA;0,7333;NA;0,2911;0,7333;0,482
2021-01-09;"OESTE";63;14;0;0;40;22;0;0;49;0;18;0;63;14;49;40;22;18;103;36;67;0,2222;NA;0,55;NA;0,2222;0,55;0,3495
2021-01-09;"SUDOESTE";86;39;0;0;70;60;0;0;47;0;10;0;86;39;47;70;60;10;156;99;57;0,4535;NA;0,8571;NA;0,4535;0,8571;0,6346
2021-01-09;"SUL";143;75;10;2;115;100;3;3;68;8;15;0;153;77;76;118;103;15;271;180;91;0,5245;0,2;0,8696;1;0,5033;0,8729;0,6642
2021-01-10;"CENTRO-LESTE";109;50;0;0;98;73;5;0;59;0;25;5;109;50;59;103;73;30;212;123;89;0,4587;NA;0,7449;0;0,4587;0,7087;0,5802
2021-01-10;"CENTRO-NORTE";50;3;0;0;20;10;0;0;47;0;10;0;50;3;47;20;10;10;70;13;57;0,06;NA;0,5;NA;0,06;0,5;0,1857
2021-01-10;"EXTREMO-SUL";30;8;0;0;45;36;0;0;22;0;9;0;30;8;22;45;36;9;75;44;31;0,2667;NA;0,8;NA;0,2667;0,8;0,5867
2021-01-10;"LESTE";416;283;37;28;518;340;27;20;133;9;178;7;453;311;142;545;360;185;998;671;327;0,6803;0,7568;0,6564;0,7407;0,6865;0,6606;0,6723
2021-01-10;"NORDESTE";4;0;0;0;8;4;0;0;4;0;4;0;4;0;4;8;4;4;12;4;8;0;NA;0,5;NA;0;0,5;0,3333
2021-01-10;"NORTE";79;24;0;0;60;42;0;0;55;0;18;0;79;24;55;60;42;18;139;66;73;0,3038;NA;0,7;NA;0,3038;0,7;0,4748
2021-01-10;"OESTE";63;22;0;0;40;22;0;0;41;0;18;0;63;22;41;40;22;18;103;44;59;0,3492;NA;0,55;NA;0,3492;0,55;0,4272
2021-01-10;"SUDOESTE";86;36;0;0;70;60;0;0;50;0;10;0;86;36;50;70;60;10;156;96;60;0,4186;NA;0,8571;NA;0,4186;0,8571;0,6154
2021-01-10;"SUL";143;87;10;2;115;101;3;3;56;8;14;0;153;89;64;118;104;14;271;193;78;0,6084;0,2;0,8783;1;0,5817;0,8814;0,7122
2021-01-11;"CENTRO-LESTE";109;50;0;0;98;76;5;0;59;0;22;5;109;50;59;103;76;27;212;126;86;0,4587;NA;0,7755;0;0,4587;0,7379;0,5943
2021-01-11;"CENTRO-NORTE";50;3;0;0;20;9;0;0;47;0;11;0;50;3;47;20;9;11;70;12;58;0,06;NA;0,45;NA;0,06;0,45;0,1714
2021-01-11;"EXTREMO-SUL";30;9;0;0;45;34;0;0;21;0;11;0;30;9;21;45;34;11;75;43;32;0,3;NA;0,7556;NA;0,3;0,7556;0,5733
2021-01-11;"LESTE";416;281;37;30;518;373;27;19;135;7;145;8;453;311;142;545;392;153;998;703;295;0,6755;0,8108;0,7201;0,7037;0,6865;0,7193;0,7044
2021-01-11;"NORDESTE";4;0;0;0;8;4;0;0;4;0;4;0;4;0;4;8;4;4;12;4;8;0;NA;0,5;NA;0;0,5;0,3333
2021-01-11;"NORTE";79;17;0;0;60;42;0;0;62;0;18;0;79;17;62;60;42;18;139;59;80;0,2152;NA;0,7;NA;0,2152;0,7;0,4245
2021-01-11;"OESTE";63;21;0;0;40;22;0;0;42;0;18;0;63;21;42;40;22;18;103;43;60;0,3333;NA;0,55;NA;0,3333;0,55;0,4175
2021-01-11;"SUDOESTE";86;39;0;0;70;54;0;0;47;0;16;0;86;39;47;70;54;16;156;93;63;0,4535;NA;0,7714;NA;0,4535;0,7714;0,5962
2021-01-11;"SUL";143;91;10;2;115;100;3;2;52;8;15;1;153;93;60;118;102;16;271;195;76;0,6364;0,2;0,8696;0,6667;0,6078;0,8644;0,7196
2021-01-12;"CENTRO-LESTE";109;48;0;0;98;75;5;0;61;0;23;5;109;48;61;103;75;28;212;123;89;0,4404;NA;0,7653;0;0,4404;0,7282;0,5802
2021-01-12;"CENTRO-NORTE";50;3;0;0;20;9;0;0;47;0;11;0;50;3;47;20;9;11;70;12;58;0,06;NA;0,45;NA;0,06;0,45;0,1714
2021-01-12;"EXTREMO-SUL";30;9;0;0;45;34;0;0;21;0;11;0;30;9;21;45;34;11;75;43;32;0,3;NA;0,7556;NA;0,3;0,7556;0,5733
2021-01-12;"LESTE";416;278;37;31;528;360;27;15;138;6;168;12;453;309;144;555;375;180;1008;684;324;0,6683;0,8378;0,6818;0,5556;0,6821;0,6757;0,6786
2021-01-12;"NORDESTE";4;0;0;0;8;5;0;0;4;0;3;0;4;0;4;8;5;3;12;5;7;0;NA;0,625;NA;0;0,625;0,4167
2021-01-12;"NORTE";79;21;0;0;60;42;0;0;58;0;18;0;79;21;58;60;42;18;139;63;76;0,2658;NA;0,7;NA;0,2658;0,7;0,4532
2021-01-12;"OESTE";63;17;0;0;40;24;0;0;46;0;16;0;63;17;46;40;24;16;103;41;62;0,2698;NA;0,6;NA;0,2698;0,6;0,3981
2021-01-12;"SUDOESTE";86;41;0;0;70;57;0;0;45;0;13;0;86;41;45;70;57;13;156;98;58;0,4767;NA;0,8143;NA;0,4767;0,8143;0,6282
2021-01-12;"SUL";143;92;10;2;115;103;3;2;51;8;12;1;153;94;59;118;105;13;271;199;72;0,6434;0,2;0,8957;0,6667;0,6144;0,8898;0,7343
2021-01-13;"CENTRO-LESTE";109;45;0;0;98;74;5;2;64;0;24;3;109;45;64;103;76;27;212;121;91;0,4128;NA;0,7551;0,4;0,4128;0,7379;0,5708
2021-01-13;"CENTRO-NORTE";40;2;0;0;20;9;0;0;38;0;11;0;40;2;38;20;9;11;60;11;49;0,05;NA;0,45;NA;0,05;0,45;0,1833
2021-01-13;"EXTREMO-SUL";30;7;0;0;45;36;0;0;23;0;9;0;30;7;23;45;36;9;75;43;32;0,2333;NA;0,8;NA;0,2333;0,8;0,5733
2021-01-13;"LESTE";416;273;37;24;528;362;27;17;143;13;166;10;453;297;156;555;379;176;1008;676;332;0,6562;0,6486;0,6856;0,6296;0,6556;0,6829;0,6706
2021-01-13;"NORDESTE";4;0;0;0;8;4;0;0;4;0;4;0;4;0;4;8;4;4;12;4;8;0;NA;0,5;NA;0;0,5;0,3333
2021-01-13;"NORTE";79;17;0;0;60;44;0;0;62;0;16;0;79;17;62;60;44;16;139;61;78;0,2152;NA;0,7333;NA;0,2152;0,7333;0,4388
2021-01-13;"OESTE";63;17;0;0;40;22;0;0;46;0;18;0;63;17;46;40;22;18;103;39;64;0,2698;NA;0,55;NA;0,2698;0,55;0,3786
2021-01-13;"SUDOESTE";86;45;0;0;70;62;0;0;41;0;8;0;86;45;41;70;62;8;156;107;49;0,5233;NA;0,8857;NA;0,5233;0,8857;0,6859
2021-01-13;"SUL";143;91;10;4;115;99;3;3;52;6;16;0;153;95;58;118;102;16;271;197;74;0,6364;0,4;0,8609;1;0,6209;0,8644;0,7269
2021-01-14;"CENTRO-LESTE";109;57;0;0;98;76;5;0;52;0;22;5;109;57;52;103;76;27;212;133;79;0,5229;NA;0,7755;0;0,5229;0,7379;0,6274
2021-01-14;"CENTRO-NORTE";40;0;0;0;20;12;0;0;40;0;8;0;40;0;40;20;12;8;60;12;48;0;NA;0,6;NA;0;0,6;0,2
2021-01-14;"EXTREMO-SUL";30;6;0;0;45;35;0;0;24;0;10;0;30;6;24;45;35;10;75;41;34;0,2;NA;0,7778;NA;0,2;0,7778;0,5467
2021-01-14;"LESTE";411;294;37;27;528;360;27;17;117;10;168;10;448;321;127;555;377;178;1003;698;305;0,7153;0,7297;0,6818;0,6296;0,7165;0,6793;0,6959
2021-01-14;"NORDESTE";4;0;0;0;8;4;0;0;4;0;4;0;4;0;4;8;4;4;12;4;8;0;NA;0,5;NA;0;0,5;0,3333
2021-01-14;"NORTE";79;15;0;0;60;43;0;0;64;0;17;0;79;15;64;60;43;17;139;58;81;0,1899;NA;0,7167;NA;0,1899;0,7167;0,4173
2021-01-14;"OESTE";63;20;0;0;40;24;0;0;43;0;16;0;63;20;43;40;24;16;103;44;59;0,3175;NA;0,6;NA;0,3175;0,6;0,4272
2021-01-14;"SUDOESTE";86;45;0;0;70;54;0;0;41;0;16;0;86;45;41;70;54;16;156;99;57;0,5233;NA;0,7714;NA;0,5233;0,7714;0,6346
2021-01-14;"SUL";143;81;10;2;115;97;3;3;62;8;18;0;153;83;70;118;100;18;271;183;88;0,5664;0,2;0,8435;1;0,5425;0,8475;0,6753
2021-01-15;"CENTRO-LESTE";109;57;0;0;98;73;5;0;52;0;25;5;109;57;52;103;73;30;212;130;82;0,5229;NA;0,7449;0;0,5229;0,7087;0,6132
2021-01-15;"CENTRO-NORTE";40;0;0;0;20;14;0;0;40;0;6;0;40;0;40;20;14;6;60;14;46;0;NA;0,7;NA;0;0,7;0,2333
2021-01-15;"EXTREMO-SUL";30;6;0;0;45;34;0;0;24;0;11;0;30;6;24;45;34;11;75;40;35;0,2;NA;0,7556;NA;0,2;0,7556;0,5333
2021-01-15;"LESTE";411;265;37;27;528;382;27;17;146;10;146;10;448;292;156;555;399;156;1003;691;312;0,6448;0,7297;0,7235;0,6296;0,6518;0,7189;0,6889
2021-01-15;"NORDESTE";4;0;0;0;8;3;0;0;4;0;5;0;4;0;4;8;3;5;12;3;9;0;NA;0,375;NA;0;0,375;0,25
2021-01-15;"NORTE";79;12;0;0;60;43;0;0;67;0;17;0;79;12;67;60;43;17;139;55;84;0,1519;NA;0,7167;NA;0,1519;0,7167;0,3957
2021-01-15;"OESTE";63;19;0;0;40;21;0;0;44;0;19;0;63;19;44;40;21;19;103;40;63;0,3016;NA;0,525;NA;0,3016;0,525;0,3883
2021-01-15;"SUDOESTE";86;37;0;0;70;55;0;0;49;0;15;0;86;37;49;70;55;15;156;92;64;0,4302;NA;0,7857;NA;0,4302;0,7857;0,5897
2021-01-15;"SUL";143;79;10;2;115;103;3;3;64;8;12;0;153;81;72;118;106;12;271;187;84;0,5524;0,2;0,8957;1;0,5294;0,8983;0,69
2021-01-16;"CENTRO-LESTE";109;56;0;0;98;71;5;0;53;0;27;5;109;56;53;103;71;32;212;127;85;0,5138;NA;0,7245;0;0,5138;0,6893;0,5991
2021-01-16;"CENTRO-NORTE";40;0;0;0;20;16;0;0;40;0;4;0;40;0;40;20;16;4;60;16;44;0;NA;0,8;NA;0;0,8;0,2667
2021-01-16;"EXTREMO-SUL";30;7;0;0;45;35;0;0;23;0;10;0;30;7;23;45;35;10;75;42;33;0,2333;NA;0,7778;NA;0,2333;0,7778;0,56
2021-01-16;"LESTE";411;273;37;30;528;373;27;16;138;7;155;11;448;303;145;555;389;166;1003;692;311;0,6642;0,8108;0,7064;0,5926;0,6763;0,7009;0,6899
2021-01-16;"NORDESTE";4;0;0;0;8;8;0;0;4;0;0;0;4;0;4;8;8;0;12;8;4;0;NA;1;NA;0;1;0,6667
2021-01-16;"NORTE";79;19;0;0;60;46;0;0;60;0;14;0;79;19;60;60;46;14;139;65;74;0,2405;NA;0,7667;NA;0,2405;0,7667;0,4676
2021-01-16;"OESTE";63;17;0;0;40;18;0;0;46;0;22;0;63;17;46;40;18;22;103;35;68;0,2698;NA;0,45;NA;0,2698;0,45;0,3398
2021-01-16;"SUDOESTE";86;41;0;0;70;55;0;0;45;0;15;0;86;41;45;70;55;15;156;96;60;0,4767;NA;0,7857;NA;0,4767;0,7857;0,6154
2021-01-16;"SUL";143;81;10;0;115;103;3;1;62;10;12;2;153;81;72;118;104;14;271;185;86;0,5664;0;0,8957;0,3333;0,5294;0,8814;0,6827
2021-01-17;"CENTRO-LESTE";109;58;0;0;98;73;5;3;51;0;25;2;109;58;51;103;76;27;212;134;78;0,5321;NA;0,7449;0,6;0,5321;0,7379;0,6321
2021-01-17;"CENTRO-NORTE";40;3;0;0;20;17;0;0;37;0;3;0;40;3;37;20;17;3;60;20;40;0,075;NA;0,85;NA;0,075;0,85;0,3333
2021-01-17;"EXTREMO-SUL";30;7;0;0;45;35;0;0;23;0;10;0;30;7;23;45;35;10;75;42;33;0,2333;NA;0,7778;NA;0,2333;0,7778;0,56
2021-01-17;"LESTE";411;273;37;27;528;358;27;16;138;10;170;11;448;300;148;555;374;181;1003;674;329;0,6642;0,7297;0,678;0,5926;0,6696;0,6739;0,672
2021-01-17;"NORDESTE";4;0;0;0;8;4;0;0;4;0;4;0;4;0;4;8;4;4;12;4;8;0;NA;0,5;NA;0;0,5;0,3333
2021-01-17;"NORTE";79;18;0;0;60;43;0;0;61;0;17;0;79;18;61;60;43;17;139;61;78;0,2278;NA;0,7167;NA;0,2278;0,7167;0,4388
2021-01-17;"OESTE";63;17;0;0;40;20;0;0;46;0;20;0;63;17;46;40;20;20;103;37;66;0,2698;NA;0,5;NA;0,2698;0,5;0,3592
2021-01-17;"SUDOESTE";86;40;0;0;70;57;0;0;46;0;13;0;86;40;46;70;57;13;156;97;59;0,4651;NA;0,8143;NA;0,4651;0,8143;0,6218
2021-01-17;"SUL";143;75;10;0;115;107;3;1;68;10;8;2;153;75;78;118;108;10;271;183;88;0,5245;0;0,9304;0,3333;0,4902;0,9153;0,6753
2021-01-18;"CENTRO-LESTE";109;45;0;0;98;75;5;2;64;0;23;3;109;45;64;103;77;26;212;122;90;0,4128;NA;0,7653;0,4;0,4128;0,7476;0,5755
2021-01-18;"CENTRO-NORTE";40;3;0;0;20;16;0;0;37;0;4;0;40;3;37;20;16;4;60;19;41;0,075;NA;0,8;NA;0,075;0,8;0,3167
2021-01-18;"EXTREMO-SUL";30;9;0;0;45;33;0;0;21;0;12;0;30;9;21;45;33;12;75;42;33;0,3;NA;0,7333;NA;0,3;0,7333;0,56
2021-01-18;"LESTE";411;268;37;29;528;378;27;15;143;8;150;12;448;297;151;555;393;162;1003;690;313;0,6521;0,7838;0,7159;0,5556;0,6629;0,7081;0,6879
2021-01-18;"NORDESTE";4;0;0;0;8;5;0;0;4;0;3;0;4;0;4;8;5;3;12;5;7;0;NA;0,625;NA;0;0,625;0,4167
2021-01-18;"NORTE";79;13;0;0;60;46;0;0;66;0;14;0;79;13;66;60;46;14;139;59;80;0,1646;NA;0,7667;NA;0,1646;0,7667;0,4245
2021-01-18;"OESTE";63;22;0;0;40;22;0;0;41;0;18;0;63;22;41;40;22;18;103;44;59;0,3492;NA;0,55;NA;0,3492;0,55;0,4272
2021-01-18;"SUDOESTE";86;41;0;0;70;64;0;0;45;0;6;0;86;41;45;70;64;6;156;105;51;0,4767;NA;0,9143;NA;0,4767;0,9143;0,6731
2021-01-18;"SUL";143;78;10;2;115;104;3;2;65;8;11;1;153;80;73;118;106;12;271;186;85;0,5455;0,2;0,9043;0,6667;0,5229;0,8983;0,6863
2021-01-19;"CENTRO-LESTE";109;44;0;0;98;74;5;2;65;0;24;3;109;44;65;103;76;27;212;120;92;0,4037;NA;0,7551;0,4;0,4037;0,7379;0,566
2021-01-19;"CENTRO-NORTE";40;4;0;0;20;13;0;0;36;0;7;0;40;4;36;20;13;7;60;17;43;0,1;NA;0,65;NA;0,1;0,65;0,2833
2021-01-19;"EXTREMO-SUL";30;9;0;0;45;33;0;0;21;0;12;0;30;9;21;45;33;12;75;42;33;0,3;NA;0,7333;NA;0,3;0,7333;0,56
2021-01-19;"LESTE";411;299;37;28;528;361;27;16;112;9;167;11;448;327;121;555;377;178;1003;704;299;0,7275;0,7568;0,6837;0,5926;0,7299;0,6793;0,7019
2021-01-19;"NORDESTE";4;0;0;0;8;5;0;0;4;0;3;0;4;0;4;8;5;3;12;5;7;0;NA;0,625;NA;0;0,625;0,4167
2021-01-19;"NORTE";79;16;0;0;60;49;0;0;63;0;11;0;79;16;63;60;49;11;139;65;74;0,2025;NA;0,8167;NA;0,2025;0,8167;0,4676
2021-01-19;"OESTE";63;23;0;0;40;24;0;0;40;0;16;0;63;23;40;40;24;16;103;47;56;0,3651;NA;0,6;NA;0,3651;0,6;0,4563
2021-01-19;"SUDOESTE";86;42;0;0;70;61;0;0;44;0;9;0;86;42;44;70;61;9;156;103;53;0,4884;NA;0,8714;NA;0,4884;0,8714;0,6603
2021-01-19;"SUL";143;79;10;2;115;107;3;2;64;8;8;1;153;81;72;118;109;9;271;190;81;0,5524;0,2;0,9304;0,6667;0,5294;0,9237;0,7011
2021-01-20;"CENTRO-LESTE";109;46;0;0;98;82;5;1;63;0;16;4;109;46;63;103;83;20;212;129;83;0,422;NA;0,8367;0,2;0,422;0,8058;0,6085
2021-01-20;"CENTRO-NORTE";40;1;0;0;20;14;0;0;39;0;6;0;40;1;39;20;14;6;60;15;45;0,025;NA;0,7;NA;0,025;0,7;0,25
2021-01-20;"EXTREMO-SUL";30;7;0;0;45;34;0;0;23;0;11;0;30;7;23;45;34;11;75;41;34;0,2333;NA;0,7556;NA;0,2333;0,7556;0,5467
2021-01-20;"LESTE";411;299;37;31;528;359;27;17;112;6;169;10;448;330;118;555;376;179;1003;706;297;0,7275;0,8378;0,6799;0,6296;0,7366;0,6775;0,7039
2021-01-20;"NORDESTE";4;0;0;0;8;4;0;0;4;0;4;0;4;0;4;8;4;4;12;4;8;0;NA;0,5;NA;0;0,5;0,3333
2021-01-20;"NORTE";79;15;0;0;60;50;0;0;64;0;10;0;79;15;64;60;50;10;139;65;74;0,1899;NA;0,8333;NA;0,1899;0,8333;0,4676
2021-01-20;"OESTE";63;28;0;0;40;24;0;0;35;0;16;0;63;28;35;40;24;16;103;52;51;0,4444;NA;0,6;NA;0,4444;0,6;0,5049
2021-01-20;"SUDOESTE";86;45;0;0;70;58;0;0;41;0;12;0;86;45;41;70;58;12;156;103;53;0,5233;NA;0,8286;NA;0,5233;0,8286;0,6603
2021-01-20;"SUL";143;89;10;2;115;100;3;3;54;8;15;0;153;91;62;118;103;15;271;194;77;0,6224;0,2;0,8696;1;0,5948;0,8729;0,7159
2021-01-21;"CENTRO-LESTE";109;49;0;0;98;82;5;3;60;0;16;2;109;49;60;103;85;18;212;134;78;0,4495;NA;0,8367;0,6;0,4495;0,8252;0,6321
2021-01-21;"CENTRO-NORTE";40;3;0;0;20;14;0;0;37;0;6;0;40;3;37;20;14;6;60;17;43;0,075;NA;0,7;NA;0,075;0,7;0,2833
2021-01-21;"EXTREMO-SUL";30;11;0;0;45;34;0;0;19;0;11;0;30;11;19;45;34;11;75;45;30;0,3667;NA;0,7556;NA;0,3667;0,7556;0,6
2021-01-21;"LESTE";411;288;37;27;528;364;27;15;123;10;164;12;448;315;133;555;379;176;1003;694;309;0,7007;0,7297;0,6894;0,5556;0,7031;0,6829;0,6919
2021-01-21;"NORDESTE";4;0;0;0;8;4;0;0;4;0;4;0;4;0;4;8;4;4;12;4;8;0;NA;0,5;NA;0;0,5;0,3333
2021-01-21;"NORTE";79;12;0;0;60;46;0;0;67;0;14;0;79;12;67;60;46;14;139;58;81;0,1519;NA;0,7667;NA;0,1519;0,7667;0,4173
2021-01-21;"OESTE";63;17;0;0;40;20;0;0;46;0;20;0;63;17;46;40;20;20;103;37;66;0,2698;NA;0,5;NA;0,2698;0,5;0,3592
2021-01-21;"SUDOESTE";86;43;0;0;70;58;0;0;43;0;12;0;86;43;43;70;58;12;156;101;55;0,5;NA;0,8286;NA;0,5;0,8286;0,6474
2021-01-21;"SUL";143;90;10;3;115;105;3;3;53;7;10;0;153;93;60;118;108;10;271;201;70;0,6294;0,3;0,913;1;0,6078;0,9153;0,7417
2021-01-22;"CENTRO-LESTE";109;47;0;0;98;80;5;4;62;0;18;1;109;47;62;103;84;19;212;131;81;0,4312;NA;0,8163;0,8;0,4312;0,8155;0,6179
2021-01-22;"CENTRO-NORTE";40;3;0;0;20;13;0;0;37;0;7;0;40;3;37;20;13;7;60;16;44;0,075;NA;0,65;NA;0,075;0,65;0,2667
2021-01-22;"EXTREMO-SUL";30;10;0;0;45;35;0;0;20;0;10;0;30;10;20;45;35;10;75;45;30;0,3333;NA;0,7778;NA;0,3333;0,7778;0,6
2021-01-22;"LESTE";411;279;37;33;528;355;27;14;132;4;173;13;448;312;136;555;369;186;1003;681;322;0,6788;0,8919;0,6723;0,5185;0,6964;0,6649;0,679
2021-01-22;"NORDESTE";4;0;0;0;8;3;0;0;4;0;5;0;4;0;4;8;3;5;12;3;9;0;NA;0,375;NA;0;0,375;0,25
2021-01-22;"NORTE";79;11;0;0;60;47;0;0;68;0;13;0;79;11;68;60;47;13;139;58;81;0,1392;NA;0,7833;NA;0,1392;0,7833;0,4173
2021-01-22;"OESTE";63;21;0;0;40;23;0;0;42;0;17;0;63;21;42;40;23;17;103;44;59;0,3333;NA;0,575;NA;0,3333;0,575;0,4272
2021-01-22;"SUDOESTE";86;37;0;0;70;61;0;0;49;0;9;0;86;37;49;70;61;9;156;98;58;0,4302;NA;0,8714;NA;0,4302;0,8714;0,6282
2021-01-22;"SUL";147;90;10;4;115;104;3;3;57;6;11;0;157;94;63;118;107;11;275;201;74;0,6122;0,4;0,9043;1;0,5987;0,9068;0,7309
2021-01-23;"CENTRO-LESTE";109;48;0;0;98;83;5;0;61;0;15;5;109;48;61;103;83;20;212;131;81;0,4404;NA;0,8469;0;0,4404;0,8058;0,6179
2021-01-23;"CENTRO-NORTE";40;3;0;0;20;15;0;0;37;0;5;0;40;3;37;20;15;5;60;18;42;0,075;NA;0,75;NA;0,075;0,75;0,3
2021-01-23;"EXTREMO-SUL";30;12;0;0;45;32;0;0;18;0;13;0;30;12;18;45;32;13;75;44;31;0,4;NA;0,7111;NA;0,4;0,7111;0,5867
2021-01-23;"LESTE";411;275;37;26;528;363;27;17;136;11;165;10;448;301;147;555;380;175;1003;681;322;0,6691;0,7027;0,6875;0,6296;0,6719;0,6847;0,679
2021-01-23;"NORDESTE";4;0;0;0;8;8;0;0;4;0;0;0;4;0;4;8;8;0;12;8;4;0;NA;1;NA;0;1;0,6667
2021-01-23;"NORTE";79;13;0;0;60;48;0;0;66;0;12;0;79;13;66;60;48;12;139;61;78;0,1646;NA;0,8;NA;0,1646;0,8;0,4388
2021-01-23;"OESTE";63;21;0;0;40;20;0;0;42;0;20;0;63;21;42;40;20;20;103;41;62;0,3333;NA;0,5;NA;0,3333;0,5;0,3981
2021-01-23;"SUDOESTE";86;46;0;0;70;58;0;0;40;0;12;0;86;46;40;70;58;12;156;104;52;0,5349;NA;0,8286;NA;0,5349;0,8286;0,6667
2021-01-23;"SUL";147;90;10;4;115;101;3;3;57;6;14;0;157;94;63;118;104;14;275;198;77;0,6122;0,4;0,8783;1;0,5987;0,8814;0,72
2021-01-24;"CENTRO-LESTE";109;42;0;0;98;82;5;0;67;0;16;5;109;42;67;103;82;21;212;124;88;0,3853;NA;0,8367;0;0,3853;0,7961;0,5849
2021-01-24;"CENTRO-NORTE";40;2;0;0;20;15;0;0;38;0;5;0;40;2;38;20;15;5;60;17;43;0,05;NA;0,75;NA;0,05;0,75;0,2833
2021-01-24;"EXTREMO-SUL";30;12;0;0;45;32;0;0;18;0;13;0;30;12;18;45;32;13;75;44;31;0,4;NA;0,7111;NA;0,4;0,7111;0,5867
2021-01-24;"LESTE";411;298;37;28;528;352;27;20;113;9;176;7;448;326;122;555;372;183;1003;698;305;0,7251;0,7568;0,6667;0,7407;0,7277;0,6703;0,6959
2021-01-24;"NORDESTE";4;0;0;0;8;8;0;0;4;0;0;0;4;0;4;8;8;0;12;8;4;0;NA;1;NA;0;1;0,6667
2021-01-24;"NORTE";79;14;0;0;60;45;0;0;65;0;15;0;79;14;65;60;45;15;139;59;80;0,1772;NA;0,75;NA;0,1772;0,75;0,4245
2021-01-24;"OESTE";63;21;0;0;40;21;0;0;42;0;19;0;63;21;42;40;21;19;103;42;61;0,3333;NA;0,525;NA;0,3333;0,525;0,4078
2021-01-24;"SUDOESTE";86;43;0;0;70;58;0;0;43;0;12;0;86;43;43;70;58;12;156;101;55;0,5;NA;0,8286;NA;0,5;0,8286;0,6474
2021-01-24;"SUL";147;93;10;4;115;104;3;3;54;6;11;0;157;97;60;118;107;11;275;204;71;0,6327;0,4;0,9043;1;0,6178;0,9068;0,7418
2021-01-25;"CENTRO-LESTE";109;39;0;0;98;78;5;1;70;0;20;4;109;39;70;103;79;24;212;118;94;0,3578;NA;0,7959;0,2;0,3578;0,767;0,5566
2021-01-25;"CENTRO-NORTE";40;2;0;0;20;16;0;0;38;0;4;0;40;2;38;20;16;4;60;18;42;0,05;NA;0,8;NA;0,05;0,8;0,3
2021-01-25;"EXTREMO-SUL";30;13;0;0;45;33;0;0;17;0;12;0;30;13;17;45;33;12;75;46;29;0,4333;NA;0,7333;NA;0,4333;0,7333;0,6133
2021-01-25;"LESTE";411;296;37;29;528;352;27;19;115;8;176;8;448;325;123;555;371;184;1003;696;307;0,7202;0,7838;0,6667;0,7037;0,7254;0,6685;0,6939
2021-01-25;"NORDESTE";4;0;0;0;8;3;0;0;4;0;5;0;4;0;4;8;3;5;12;3;9;0;NA;0,375;NA;0;0,375;0,25
2021-01-25;"NORTE";79;20;0;0;60;45;0;0;59;0;15;0;79;20;59;60;45;15;139;65;74;0,2532;NA;0,75;NA;0,2532;0,75;0,4676
2021-01-25;"OESTE";63;20;0;0;40;20;0;0;43;0;20;0;63;20;43;40;20;20;103;40;63;0,3175;NA;0,5;NA;0,3175;0,5;0,3883
2021-01-25;"SUDOESTE";86;44;0;0;70;53;0;0;42;0;17;0;86;44;42;70;53;17;156;97;59;0,5116;NA;0,7571;NA;0,5116;0,7571;0,6218
2021-01-25;"SUL";147;76;10;2;115;96;3;3;71;8;19;0;157;78;79;118;99;19;275;177;98;0,517;0,2;0,8348;1;0,4968;0,839;0,6436
2021-01-26;"CENTRO-LESTE";109;34;0;0;98;74;5;2;75;0;24;3;109;34;75;103;76;27;212;110;102;0,3119;NA;0,7551;0,4;0,3119;0,7379;0,5189
2021-01-26;"CENTRO-NORTE";40;2;0;0;20;16;0;0;38;0;4;0;40;2;38;20;16;4;60;18;42;0,05;NA;0,8;NA;0,05;0,8;0,3
2021-01-26;"EXTREMO-SUL";30;13;0;0;45;31;0;0;17;0;14;0;30;13;17;45;31;14;75;44;31;0,4333;NA;0,6889;NA;0,4333;0,6889;0,5867
2021-01-26;"LESTE";411;290;37;31;528;348;27;16;121;6;180;11;448;321;127;555;364;191;1003;685;318;0,7056;0,8378;0,6591;0,5926;0,7165;0,6559;0,683
2021-01-26;"NORDESTE";4;0;0;0;8;6;0;0;4;0;2;0;4;0;4;8;6;2;12;6;6;0;NA;0,75;NA;0;0,75;0,5
2021-01-26;"NORTE";79;16;0;0;60;44;0;0;63;0;16;0;79;16;63;60;44;16;139;60;79;0,2025;NA;0,7333;NA;0,2025;0,7333;0,4317
2021-01-26;"OESTE";63;26;0;0;40;17;0;0;37;0;23;0;63;26;37;40;17;23;103;43;60;0,4127;NA;0,425;NA;0,4127;0,425;0,4175
2021-01-26;"SUDOESTE";86;44;0;0;70;57;0;0;42;0;13;0;86;44;42;70;57;13;156;101;55;0,5116;NA;0,8143;NA;0,5116;0,8143;0,6474
2021-01-26;"SUL";147;71;10;3;115;98;3;3;76;7;17;0;157;74;83;118;101;17;275;175;100;0,483;0,3;0,8522;1;0,4713;0,8559;0,6364
2021-01-27;"CENTRO-LESTE";109;36;0;0;98;75;5;2;73;0;23;3;109;36;73;103;77;26;212;113;99;0,3303;NA;0,7653;0,4;0,3303;0,7476;0,533
2021-01-27;"CENTRO-NORTE";40;3;0;0;20;17;0;0;37;0;3;0;40;3;37;20;17;3;60;20;40;0,075;NA;0,85;NA;0,075;0,85;0,3333
2021-01-27;"EXTREMO-SUL";30;12;0;0;45;33;0;0;18;0;12;0;30;12;18;45;33;12;75;45;30;0,4;NA;0,7333;NA;0,4;0,7333;0,6
2021-01-27;"LESTE";411;289;37;27;528;351;27;19;122;10;177;8;448;316;132;555;370;185;1003;686;317;0,7032;0,7297;0,6648;0,7037;0,7054;0,6667;0,6839
2021-01-27;"NORDESTE";4;0;0;0;8;7;0;0;4;0;1;0;4;0;4;8;7;1;12;7;5;0;NA;0,875;NA;0;0,875;0,5833
2021-01-27;"NORTE";79;17;0;0;60;43;0;0;62;0;17;0;79;17;62;60;43;17;139;60;79;0,2152;NA;0,7167;NA;0,2152;0,7167;0,4317
2021-01-27;"OESTE";63;20;0;0;40;18;0;0;43;0;22;0;63;20;43;40;18;22;103;38;65;0,3175;NA;0,45;NA;0,3175;0,45;0,3689
2021-01-27;"SUDOESTE";86;47;0;0;70;57;0;0;39;0;13;0;86;47;39;70;57;13;156;104;52;0,5465;NA;0,8143;NA;0,5465;0,8143;0,6667
2021-01-27;"SUL";147;71;10;3;115;97;3;3;76;7;18;0;157;74;83;118;100;18;275;174;101;0,483;0,3;0,8435;1;0,4713;0,8475;0,6327
2021-01-28;"CENTRO-LESTE";109;33;0;0;98;79;5;2;76;0;19;3;109;33;76;103;81;22;212;114;98;0,3028;NA;0,8061;0,4;0,3028;0,7864;0,5377
2021-01-28;"CENTRO-NORTE";40;6;0;0;20;15;0;0;34;0;5;0;40;6;34;20;15;5;60;21;39;0,15;NA;0,75;NA;0,15;0,75;0,35
2021-01-28;"EXTREMO-SUL";30;14;0;0;45;30;0;0;16;0;15;0;30;14;16;45;30;15;75;44;31;0,4667;NA;0,6667;NA;0,4667;0,6667;0,5867
2021-01-28;"LESTE";411;276;37;28;528;350;27;18;135;9;178;9;448;304;144;555;368;187;1003;672;331;0,6715;0,7568;0,6629;0,6667;0,6786;0,6631;0,67
2021-01-28;"NORDESTE";4;0;0;0;8;7;0;0;4;0;1;0;4;0;4;8;7;1;12;7;5;0;NA;0,875;NA;0;0,875;0,5833
2021-01-28;"NORTE";79;16;0;0;60;44;0;0;63;0;16;0;79;16;63;60;44;16;139;60;79;0,2025;NA;0,7333;NA;0,2025;0,7333;0,4317
2021-01-28;"OESTE";63;19;0;0;40;17;0;0;44;0;23;0;63;19;44;40;17;23;103;36;67;0,3016;NA;0,425;NA;0,3016;0,425;0,3495
2021-01-28;"SUDOESTE";86;45;0;0;70;54;0;0;41;0;16;0;86;45;41;70;54;16;156;99;57;0,5233;NA;0,7714;NA;0,5233;0,7714;0,6346
2021-01-28;"SUL";147;82;10;3;115;100;3;3;65;7;15;0;157;85;72;118;103;15;275;188;87;0,5578;0,3;0,8696;1;0,5414;0,8729;0,6836
2021-01-29;"CENTRO-LESTE";109;37;0;0;98;74;5;0;72;0;24;5;109;37;72;103;74;29;212;111;101;0,3394;NA;0,7551;0;0,3394;0,7184;0,5236
2021-01-29;"CENTRO-NORTE";40;7;0;0;20;12;0;0;33;0;8;0;40;7;33;20;12;8;60;19;41;0,175;NA;0,6;NA;0,175;0,6;0,3167
2021-01-29;"EXTREMO-SUL";30;14;0;0;45;32;0;0;16;0;13;0;30;14;16;45;32;13;75;46;29;0,4667;NA;0,7111;NA;0,4667;0,7111;0,6133
2021-01-29;"LESTE";411;275;37;26;528;348;27;15;136;11;180;12;448;301;147;555;363;192;1003;664;339;0,6691;0,7027;0,6591;0,5556;0,6719;0,6541;0,662
2021-01-29;"NORDESTE";4;0;0;0;8;4;0;0;4;0;4;0;4;0;4;8;4;4;12;4;8;0;NA;0,5;NA;0;0,5;0,3333
2021-01-29;"NORTE";79;22;0;0;60;40;0;0;57;0;20;0;79;22;57;60;40;20;139;62;77;0,2785;NA;0,6667;NA;0,2785;0,6667;0,446
2021-01-29;"OESTE";63;18;0;0;40;16;0;0;45;0;24;0;63;18;45;40;16;24;103;34;69;0,2857;NA;0,4;NA;0,2857;0,4;0,3301
2021-01-29;"SUDOESTE";86;40;0;0;70;53;0;0;46;0;17;0;86;40;46;70;53;17;156;93;63;0,4651;NA;0,7571;NA;0,4651;0,7571;0,5962
2021-01-29;"SUL";147;84;10;5;115;105;3;1;63;5;10;2;157;89;68;118;106;12;275;195;80;0,5714;0,5;0,913;0,3333;0,5669;0,8983;0,7091
2021-01-30;"CENTRO-LESTE";109;37;0;0;98;75;5;1;72;0;23;4;109;37;72;103;76;27;212;113;99;0,3394;NA;0,7653;0,2;0,3394;0,7379;0,533
2021-01-30;"CENTRO-NORTE";40;10;0;0;20;16;0;0;30;0;4;0;40;10;30;20;16;4;60;26;34;0,25;NA;0,8;NA;0,25;0,8;0,4333
2021-01-30;"EXTREMO-SUL";30;11;0;0;45;31;0;0;19;0;14;0;30;11;19;45;31;14;75;42;33;0,3667;NA;0,6889;NA;0,3667;0,6889;0,56
2021-01-30;"LESTE";411;272;37;25;528;361;27;17;139;12;167;10;448;297;151;555;378;177;1003;675;328;0,6618;0,6757;0,6837;0,6296;0,6629;0,6811;0,673
2021-01-30;"NORDESTE";4;0;0;0;8;4;0;0;4;0;4;0;4;0;4;8;4;4;12;4;8;0;NA;0,5;NA;0;0,5;0,3333
2021-01-30;"NORTE";79;21;0;0;60;45;0;0;58;0;15;0;79;21;58;60;45;15;139;66;73;0,2658;NA;0,75;NA;0,2658;0,75;0,4748
2021-01-30;"OESTE";63;15;0;0;40;19;0;0;48;0;21;0;63;15;48;40;19;21;103;34;69;0,2381;NA;0,475;NA;0,2381;0,475;0,3301
2021-01-30;"SUDOESTE";86;40;0;0;70;57;0;0;46;0;13;0;86;40;46;70;57;13;156;97;59;0,4651;NA;0,8143;NA;0,4651;0,8143;0,6218
2021-01-30;"SUL";147;84;10;1;115;106;3;2;63;9;9;1;157;85;72;118;108;10;275;193;82;0,5714;0,1;0,9217;0,6667;0,5414;0,9153;0,7018
2021-01-31;"CENTRO-LESTE";109;37;0;0;98;73;5;1;72;0;25;4;109;37;72;103;74;29;212;111;101;0,3394;NA;0,7449;0,2;0,3394;0,7184;0,5236
2021-01-31;"CENTRO-NORTE";40;10;0;0;20;14;0;0;30;0;6;0;40;10;30;20;14;6;60;24;36;0,25;NA;0,7;NA;0,25;0,7;0,4
2021-01-31;"EXTREMO-SUL";30;11;0;0;45;31;0;0;19;0;14;0;30;11;19;45;31;14;75;42;33;0,3667;NA;0,6889;NA;0,3667;0,6889;0,56
2021-01-31;"LESTE";411;292;37;31;528;360;27;19;119;6;168;8;448;323;125;555;379;176;1003;702;301;0,7105;0,8378;0,6818;0,7037;0,721;0,6829;0,6999
2021-01-31;"NORDESTE";4;0;0;0;8;8;0;0;4;0;0;0;4;0;4;8;8;0;12;8;4;0;NA;1;NA;0;1;0,6667
2021-01-31;"NORTE";79;19;0;0;60;46;0;0;60;0;14;0;79;19;60;60;46;14;139;65;74;0,2405;NA;0,7667;NA;0,2405;0,7667;0,4676
2021-01-31;"OESTE";63;13;0;0;40;21;0;0;50;0;19;0;63;13;50;40;21;19;103;34;69;0,2063;NA;0,525;NA;0,2063;0,525;0,3301
2021-01-31;"SUDOESTE";86;40;0;0;70;53;0;0;46;0;17;0;86;40;46;70;53;17;156;93;63;0,4651;NA;0,7571;NA;0,4651;0,7571;0,5962
2021-01-31;"SUL";147;85;10;1;115;105;3;2;62;9;10;1;157;86;71;118;107;11;275;193;82;0,5782;0,1;0,913;0,6667;0,5478;0,9068;0,7018
2021-02-01;"CENTRO-LESTE";109;34;0;0;98;71;5;1;75;0;27;4;109;34;75;103;72;31;212;106;106;0,3119;NA;0,7245;0,2;0,3119;0,699;0,5
2021-02-01;"CENTRO-NORTE";40;10;0;0;20;15;0;0;30;0;5;0;40;10;30;20;15;5;60;25;35;0,25;NA;0,75;NA;0,25;0,75;0,4167
2021-02-01;"EXTREMO-SUL";30;12;0;0;45;26;0;0;18;0;19;0;30;12;18;45;26;19;75;38;37;0,4;NA;0,5778;NA;0,4;0,5778;0,5067
2021-02-01;"LESTE";426;293;37;28;577;376;27;17;133;9;201;10;463;321;142;604;393;211;1067;714;353;0,6878;0,7568;0,6516;0,6296;0,6933;0,6507;0,6692
2021-02-01;"NORDESTE";4;0;0;0;8;1;0;0;4;0;7;0;4;0;4;8;1;7;12;1;11;0;NA;0,125;NA;0;0,125;0,0833
2021-02-01;"NORTE";79;18;0;0;60;38;0;0;61;0;22;0;79;18;61;60;38;22;139;56;83;0,2278;NA;0,6333;NA;0,2278;0,6333;0,4029
2021-02-01;"OESTE";73;13;0;0;45;22;0;0;60;0;23;0;73;13;60;45;22;23;118;35;83;0,1781;NA;0,4889;NA;0,1781;0,4889;0,2966
2021-02-01;"SUDOESTE";86;42;0;0;70;53;0;0;44;0;17;0;86;42;44;70;53;17;156;95;61;0,4884;NA;0,7571;NA;0,4884;0,7571;0,609
2021-02-01;"SUL";147;85;10;0;115;106;3;3;62;10;9;0;157;85;72;118;109;9;275;194;81;0,5782;0;0,9217;1;0,5414;0,9237;0,7055
2021-02-02;"CENTRO-LESTE";109;35;0;0;98;70;5;3;74;0;28;2;109;35;74;103;73;30;212;108;104;0,3211;NA;0,7143;0,6;0,3211;0,7087;0,5094
2021-02-02;"CENTRO-NORTE";40;10;0;0;20;13;0;0;30;0;7;0;40;10;30;20;13;7;60;23;37;0,25;NA;0,65;NA;0,25;0,65;0,3833
2021-02-02;"EXTREMO-SUL";30;13;0;0;45;26;0;0;17;0;19;0;30;13;17;45;26;19;75;39;36;0,4333;NA;0,5778;NA;0,4333;0,5778;0,52
2021-02-02;"LESTE";426;304;37;26;577;378;27;17;122;11;199;10;463;330;133;604;395;209;1067;725;342;0,7136;0,7027;0,6551;0,6296;0,7127;0,654;0,6795
2021-02-02;"NORDESTE";4;0;0;0;8;1;0;0;4;0;7;0;4;0;4;8;1;7;12;1;11;0;NA;0,125;NA;0;0,125;0,0833
2021-02-02;"NORTE";79;20;0;0;60;37;0;0;59;0;23;0;79;20;59;60;37;23;139;57;82;0,2532;NA;0,6167;NA;0,2532;0,6167;0,4101
2021-02-02;"OESTE";73;21;0;0;45;23;0;0;52;0;22;0;73;21;52;45;23;22;118;44;74;0,2877;NA;0,5111;NA;0,2877;0,5111;0,3729
2021-02-02;"SUDOESTE";86;37;0;0;70;45;0;0;49;0;25;0;86;37;49;70;45;25;156;82;74;0,4302;NA;0,6429;NA;0,4302;0,6429;0,5256
2021-02-02;"SUL";147;102;10;2;115;106;3;2;45;8;9;1;157;104;53;118;108;10;275;212;63;0,6939;0,2;0,9217;0,6667;0,6624;0,9153;0,7709
2021-02-03;"CENTRO-LESTE";109;35;0;0;98;79;5;3;74;0;19;2;109;35;74;103;82;21;212;117;95;0,3211;NA;0,8061;0,6;0,3211;0,7961;0,5519
2021-02-03;"CENTRO-NORTE";40;10;0;0;20;14;0;0;30;0;6;0;40;10;30;20;14;6;60;24;36;0,25;NA;0,7;NA;0,25;0,7;0,4
2021-02-03;"EXTREMO-SUL";30;12;0;0;45;28;0;0;18;0;17;0;30;12;18;45;28;17;75;40;35;0,4;NA;0,6222;NA;0,4;0,6222;0,5333
2021-02-03;"LESTE";426;287;37;25;577;393;27;15;139;12;184;12;463;312;151;604;408;196;1067;720;347;0,6737;0,6757;0,6811;0,5556;0,6739;0,6755;0,6748
2021-02-03;"NORDESTE";4;0;0;0;8;3;0;0;4;0;5;0;4;0;4;8;3;5;12;3;9;0;NA;0,375;NA;0;0,375;0,25
2021-02-03;"NORTE";79;22;0;0;60;36;0;0;57;0;24;0;79;22;57;60;36;24;139;58;81;0,2785;NA;0,6;NA;0,2785;0,6;0,4173
2021-02-03;"OESTE";73;26;0;0;45;26;0;0;47;0;19;0;73;26;47;45;26;19;118;52;66;0,3562;NA;0,5778;NA;0,3562;0,5778;0,4407
2021-02-03;"SUDOESTE";86;31;0;0;70;50;0;0;55;0;20;0;86;31;55;70;50;20;156;81;75;0,3605;NA;0,7143;NA;0,3605;0,7143;0,5192
2021-02-03;"SUL";147;96;10;2;115;103;3;0;51;8;12;3;157;98;59;118;103;15;275;201;74;0,6531;0,2;0,8957;0;0,6242;0,8729;0,7309
2021-02-04;"CENTRO-LESTE";109;36;0;0;98;79;5;2;73;0;19;3;109;36;73;103;81;22;212;117;95;0,3303;NA;0,8061;0,4;0,3303;0,7864;0,5519
2021-02-04;"CENTRO-NORTE";40;10;0;0;20;10;0;0;30;0;10;0;40;10;30;20;10;10;60;20;40;0,25;NA;0,5;NA;0,25;0,5;0,3333
2021-02-04;"EXTREMO-SUL";30;12;0;0;45;33;0;0;18;0;12;0;30;12;18;45;33;12;75;45;30;0,4;NA;0,7333;NA;0,4;0,7333;0,6
2021-02-04;"LESTE";426;291;37;24;557;410;27;17;135;13;147;10;463;315;148;584;427;157;1047;742;305;0,6831;0,6486;0,7361;0,6296;0,6803;0,7312;0,7087
2021-02-04;"NORDESTE";4;0;0;0;8;3;0;0;4;0;5;0;4;0;4;8;3;5;12;3;9;0;NA;0,375;NA;0;0,375;0,25
2021-02-04;"NORTE";79;15;0;0;60;37;0;0;64;0;23;0;79;15;64;60;37;23;139;52;87;0,1899;NA;0,6167;NA;0,1899;0,6167;0,3741
2021-02-04;"OESTE";73;26;0;0;45;24;0;0;47;0;21;0;73;26;47;45;24;21;118;50;68;0,3562;NA;0,5333;NA;0,3562;0,5333;0,4237
2021-02-04;"SUDOESTE";86;36;0;0;70;51;0;0;50;0;19;0;86;36;50;70;51;19;156;87;69;0,4186;NA;0,7286;NA;0,4186;0,7286;0,5577
2021-02-04;"SUL";147;110;10;2;115;106;3;0;37;8;9;3;157;112;45;118;106;12;275;218;57;0,7483;0,2;0,9217;0;0,7134;0,8983;0,7927
2021-02-05;"CENTRO-LESTE";109;35;0;0;98;77;5;0;74;0;21;5;109;35;74;103;77;26;212;112;100;0,3211;NA;0,7857;0;0,3211;0,7476;0,5283
2021-02-05;"CENTRO-NORTE";40;8;0;0;20;11;0;0;32;0;9;0;40;8;32;20;11;9;60;19;41;0,2;NA;0,55;NA;0,2;0,55;0,3167
2021-02-05;"EXTREMO-SUL";30;11;0;0;45;31;0;0;19;0;14;0;30;11;19;45;31;14;75;42;33;0,3667;NA;0,6889;NA;0,3667;0,6889;0,56
2021-02-05;"LESTE";426;278;37;26;557;398;27;16;148;11;159;11;463;304;159;584;414;170;1047;718;329;0,6526;0,7027;0,7145;0,5926;0,6566;0,7089;0,6858
2021-02-05;"NORDESTE";4;0;0;0;8;6;0;0;4;0;2;0;4;0;4;8;6;2;12;6;6;0;NA;0,75;NA;0;0,75;0,5
2021-02-05;"NORTE";79;17;0;0;60;33;0;0;62;0;27;0;79;17;62;60;33;27;139;50;89;0,2152;NA;0,55;NA;0,2152;0,55;0,3597
2021-02-05;"OESTE";73;28;0;0;45;20;0;0;45;0;25;0;73;28;45;45;20;25;118;48;70;0,3836;NA;0,4444;NA;0,3836;0,4444;0,4068
2021-02-05;"SUDOESTE";86;36;0;0;70;51;1;0;50;0;19;1;86;36;50;71;51;20;157;87;70;0,4186;NA;0,7286;0;0,4186;0,7183;0,5541
2021-02-05;"SUL";147;113;10;3;115;102;3;1;34;7;13;2;157;116;41;118;103;15;275;219;56;0,7687;0,3;0,887;0,3333;0,7389;0,8729;0,7964
2021-02-06;"CENTRO-LESTE";119;39;0;0;103;78;5;0;80;0;25;5;119;39;80;108;78;30;227;117;110;0,3277;NA;0,7573;0;0,3277;0,7222;0,5154
2021-02-06;"CENTRO-NORTE";40;8;0;0;20;13;0;0;32;0;7;0;40;8;32;20;13;7;60;21;39;0,2;NA;0,65;NA;0,2;0,65;0,35
2021-02-06;"EXTREMO-SUL";30;13;0;0;45;32;0;0;17;0;13;0;30;13;17;45;32;13;75;45;30;0,4333;NA;0,7111;NA;0,4333;0,7111;0,6
2021-02-06;"LESTE";426;280;37;27;572;397;27;17;146;10;175;10;463;307;156;599;414;185;1062;721;341;0,6573;0,7297;0,6941;0,6296;0,6631;0,6912;0,6789
2021-02-06;"NORDESTE";4;0;0;0;8;6;0;0;4;0;2;0;4;0;4;8;6;2;12;6;6;0;NA;0,75;NA;0;0,75;0,5
2021-02-06;"NORTE";79;19;0;0;60;33;0;0;60;0;27;0;79;19;60;60;33;27;139;52;87;0,2405;NA;0,55;NA;0,2405;0,55;0,3741
2021-02-06;"OESTE";73;27;0;0;45;22;0;0;46;0;23;0;73;27;46;45;22;23;118;49;69;0,3699;NA;0,4889;NA;0,3699;0,4889;0,4153
2021-02-06;"SUDOESTE";86;38;0;0;70;56;1;0;48;0;14;1;86;38;48;71;56;15;157;94;63;0,4419;NA;0,8;0;0,4419;0,7887;0,5987
2021-02-06;"SUL";147;114;10;3;115;104;3;1;33;7;11;2;157;117;40;118;105;13;275;222;53;0,7755;0,3;0,9043;0,3333;0,7452;0,8898;0,8073
2021-02-07;"CENTRO-LESTE";119;41;0;0;103;79;5;0;78;0;24;5;119;41;78;108;79;29;227;120;107;0,3445;NA;0,767;0;0,3445;0,7315;0,5286
2021-02-07;"CENTRO-NORTE";40;8;0;0;20;13;0;0;32;0;7;0;40;8;32;20;13;7;60;21;39;0,2;NA;0,65;NA;0,2;0,65;0,35
2021-02-07;"EXTREMO-SUL";30;8;0;0;45;35;0;0;22;0;10;0;30;8;22;45;35;10;75;43;32;0,2667;NA;0,7778;NA;0,2667;0,7778;0,5733
2021-02-07;"LESTE";426;290;37;18;572;399;27;20;136;19;173;7;463;308;155;599;419;180;1062;727;335;0,6808;0,4865;0,6976;0,7407;0,6652;0,6995;0,6846
2021-02-07;"NORDESTE";4;0;0;0;8;4;0;0;4;0;4;0;4;0;4;8;4;4;12;4;8;0;NA;0,5;NA;0;0,5;0,3333
2021-02-07;"NORTE";79;17;0;0;60;36;0;0;62;0;24;0;79;17;62;60;36;24;139;53;86;0,2152;NA;0,6;NA;0,2152;0,6;0,3813
2021-02-07;"OESTE";73;26;0;0;45;20;0;0;47;0;25;0;73;26;47;45;20;25;118;46;72;0,3562;NA;0,4444;NA;0,3562;0,4444;0,3898
2021-02-07;"SUDOESTE";86;36;0;0;70;63;1;0;50;0;7;1;86;36;50;71;63;8;157;99;58;0,4186;NA;0,9;0;0,4186;0,8873;0,6306
2021-02-07;"SUL";147;107;10;3;115;95;3;1;40;7;20;2;157;110;47;118;96;22;275;206;69;0,7279;0,3;0,8261;0,3333;0,7006;0,8136;0,7491
2021-02-08;"CENTRO-LESTE";119;46;0;0;103;80;5;0;73;0;23;5;119;46;73;108;80;28;227;126;101;0,3866;NA;0,7767;0;0,3866;0,7407;0,5551
2021-02-08;"CENTRO-NORTE";40;5;0;0;20;13;0;0;35;0;7;0;40;5;35;20;13;7;60;18;42;0,125;NA;0,65;NA;0,125;0,65;0,3
2021-02-08;"EXTREMO-SUL";30;10;0;0;45;33;0;0;20;0;12;0;30;10;20;45;33;12;75;43;32;0,3333;NA;0,7333;NA;0,3333;0,7333;0,5733
2021-02-08;"LESTE";426;297;37;27;572;410;27;19;129;10;162;8;463;324;139;599;429;170;1062;753;309;0,6972;0,7297;0,7168;0,7037;0,6998;0,7162;0,709
2021-02-08;"NORDESTE";4;0;0;0;8;5;0;0;4;0;3;0;4;0;4;8;5;3;12;5;7;0;NA;0,625;NA;0;0,625;0,4167
2021-02-08;"NORTE";79;17;0;0;60;37;0;0;62;0;23;0;79;17;62;60;37;23;139;54;85;0,2152;NA;0,6167;NA;0,2152;0,6167;0,3885
2021-02-08;"OESTE";73;27;0;0;45;20;0;0;46;0;25;0;73;27;46;45;20;25;118;47;71;0,3699;NA;0,4444;NA;0,3699;0,4444;0,3983
2021-02-08;"SUDOESTE";86;41;0;0;70;62;1;0;45;0;8;1;86;41;45;71;62;9;157;103;54;0,4767;NA;0,8857;0;0,4767;0,8732;0,6561
2021-02-08;"SUL";147;101;10;3;115;97;3;1;46;7;18;2;157;104;53;118;98;20;275;202;73;0,6871;0,3;0,8435;0,3333;0,6624;0,8305;0,7345
2021-02-09;"CENTRO-LESTE";119;43;0;0;103;80;5;0;76;0;23;5;119;43;76;108;80;28;227;123;104;0,3613;NA;0,7767;0;0,3613;0,7407;0,5419
2021-02-09;"CENTRO-NORTE";40;5;0;0;20;17;0;0;35;0;3;0;40;5;35;20;17;3;60;22;38;0,125;NA;0,85;NA;0,125;0,85;0,3667
2021-02-09;"EXTREMO-SUL";30;10;0;0;45;32;0;0;20;0;13;0;30;10;20;45;32;13;75;42;33;0,3333;NA;0,7111;NA;0,3333;0,7111;0,56
2021-02-09;"LESTE";426;292;37;30;572;408;27;17;134;7;164;10;463;322;141;599;425;174;1062;747;315;0,6854;0,8108;0,7133;0,6296;0,6955;0,7095;0,7034
2021-02-09;"NORDESTE";4;4;0;0;8;0;0;0;0;0;8;0;4;4;0;8;0;8;12;4;8;1;NA;0;NA;1;0;0,3333
2021-02-09;"NORTE";79;19;0;0;60;35;0;0;60;0;25;0;79;19;60;60;35;25;139;54;85;0,2405;NA;0,5833;NA;0,2405;0,5833;0,3885
2021-02-09;"OESTE";73;20;0;0;45;20;0;0;53;0;25;0;73;20;53;45;20;25;118;40;78;0,274;NA;0,4444;NA;0,274;0,4444;0,339
2021-02-09;"SUDOESTE";86;40;0;0;70;65;1;0;46;0;5;1;86;40;46;71;65;6;157;105;52;0,4651;NA;0,9286;0;0,4651;0,9155;0,6688
2021-02-09;"SUL";147;110;10;6;115;97;3;3;37;4;18;0;157;116;41;118;100;18;275;216;59;0,7483;0,6;0,8435;1;0,7389;0,8475;0,7855
2021-02-10;"CENTRO-LESTE";119;43;0;0;103;77;5;0;76;0;26;5;119;43;76;108;77;31;227;120;107;0,3613;NA;0,7476;0;0,3613;0,713;0,5286
2021-02-10;"CENTRO-NORTE";40;4;0;0;20;16;0;0;36;0;4;0;40;4;36;20;16;4;60;20;40;0,1;NA;0,8;NA;0,1;0,8;0,3333
2021-02-10;"EXTREMO-SUL";30;13;0;0;45;31;0;0;17;0;14;0;30;13;17;45;31;14;75;44;31;0,4333;NA;0,6889;NA;0,4333;0,6889;0,5867
2021-02-10;"LESTE";426;290;37;26;572;426;27;17;136;11;146;10;463;316;147;599;443;156;1062;759;303;0,6808;0,7027;0,7448;0,6296;0,6825;0,7396;0,7147
2021-02-10;"NORDESTE";4;3;0;0;8;0;0;0;1;0;8;0;4;3;1;8;0;8;12;3;9;0,75;NA;0;NA;0,75;0;0,25
2021-02-10;"NORTE";79;15;0;0;60;36;0;0;64;0;24;0;79;15;64;60;36;24;139;51;88;0,1899;NA;0,6;NA;0,1899;0,6;0,3669
2021-02-10;"OESTE";73;15;0;0;45;18;0;0;58;0;27;0;73;15;58;45;18;27;118;33;85;0,2055;NA;0,4;NA;0,2055;0,4;0,2797
2021-02-10;"SUDOESTE";86;35;0;0;70;62;1;0;51;0;8;1;86;35;51;71;62;9;157;97;60;0,407;NA;0,8857;0;0,407;0,8732;0,6178
2021-02-10;"SUL";147;103;10;3;115;98;3;1;44;7;17;2;157;106;51;118;99;19;275;205;70;0,7007;0,3;0,8522;0,3333;0,6752;0,839;0,7455
2021-02-11;"CENTRO-LESTE";119;47;0;0;103;76;5;1;72;0;27;4;119;47;72;108;77;31;227;124;103;0,395;NA;0,7379;0,2;0,395;0,713;0,5463
2021-02-11;"CENTRO-NORTE";40;4;0;0;20;16;0;0;36;0;4;0;40;4;36;20;16;4;60;20;40;0,1;NA;0,8;NA;0,1;0,8;0,3333
2021-02-11;"EXTREMO-SUL";30;14;0;0;45;27;0;0;16;0;18;0;30;14;16;45;27;18;75;41;34;0,4667;NA;0,6;NA;0,4667;0,6;0,5467
2021-02-11;"LESTE";426;307;37;31;572;412;27;16;119;6;160;11;463;338;125;599;428;171;1062;766;296;0,7207;0,8378;0,7203;0,5926;0,73;0,7145;0,7213
2021-02-11;"NORDESTE";4;4;0;0;8;0;0;0;0;0;8;0;4;4;0;8;0;8;12;4;8;1;NA;0;NA;1;0;0,3333
2021-02-11;"NORTE";79;8;0;0;60;38;0;0;71;0;22;0;79;8;71;60;38;22;139;46;93;0,1013;NA;0,6333;NA;0,1013;0,6333;0,3309
2021-02-11;"OESTE";73;16;0;0;45;20;0;0;57;0;25;0;73;16;57;45;20;25;118;36;82;0,2192;NA;0,4444;NA;0,2192;0,4444;0,3051
2021-02-11;"SUDOESTE";86;32;0;0;70;58;1;0;54;0;12;1;86;32;54;71;58;13;157;90;67;0,3721;NA;0,8286;0;0,3721;0,8169;0,5732
2021-02-11;"SUL";147;110;10;5;115;102;3;2;37;5;13;1;157;115;42;118;104;14;275;219;56;0,7483;0,5;0,887;0,6667;0,7325;0,8814;0,7964
2021-02-12;"CENTRO-LESTE";119;52;0;0;103;79;5;1;67;0;24;4;119;52;67;108;80;28;227;132;95;0,437;NA;0,767;0,2;0,437;0,7407;0,5815
2021-02-12;"CENTRO-NORTE";40;9;0;0;20;12;0;0;31;0;8;0;40;9;31;20;12;8;60;21;39;0,225;NA;0,6;NA;0,225;0,6;0,35
2021-02-12;"EXTREMO-SUL";30;12;0;0;45;30;0;0;18;0;15;0;30;12;18;45;30;15;75;42;33;0,4;NA;0,6667;NA;0,4;0,6667;0,56
2021-02-12;"LESTE";416;316;37;25;602;432;27;20;100;12;170;7;453;341;112;629;452;177;1082;793;289;0,7596;0,6757;0,7176;0,7407;0,7528;0,7186;0,7329
2021-02-12;"NORDESTE";4;4;0;0;8;0;0;0;0;0;8;0;4;4;0;8;0;8;12;4;8;1;NA;0;NA;1;0;0,3333
2021-02-12;"NORTE";79;7;0;0;60;37;0;0;72;0;23;0;79;7;72;60;37;23;139;44;95;0,0886;NA;0,6167;NA;0,0886;0,6167;0,3165
2021-02-12;"OESTE";73;18;0;0;45;17;0;0;55;0;28;0;73;18;55;45;17;28;118;35;83;0,2466;NA;0,3778;NA;0,2466;0,3778;0,2966
2021-02-12;"SUDOESTE";86;44;0;0;70;55;1;0;42;0;15;1;86;44;42;71;55;16;157;99;58;0,5116;NA;0,7857;0;0,5116;0,7746;0,6306
2021-02-12;"SUL";147;111;10;4;115;100;3;2;36;6;15;1;157;115;42;118;102;16;275;217;58;0,7551;0,4;0,8696;0,6667;0,7325;0,8644;0,7891
2021-02-13;"CENTRO-LESTE";119;55;0;0;103;82;5;3;64;0;21;2;119;55;64;108;85;23;227;140;87;0,4622;NA;0,7961;0,6;0,4622;0,787;0,6167
2021-02-13;"CENTRO-NORTE";40;9;0;0;20;12;0;0;31;0;8;0;40;9;31;20;12;8;60;21;39;0,225;NA;0,6;NA;0,225;0,6;0,35
2021-02-13;"EXTREMO-SUL";30;11;0;0;45;31;0;0;19;0;14;0;30;11;19;45;31;14;75;42;33;0,3667;NA;0,6889;NA;0,3667;0,6889;0,56
2021-02-13;"LESTE";416;302;37;26;602;418;27;17;114;11;184;10;453;328;125;629;435;194;1082;763;319;0,726;0,7027;0,6944;0,6296;0,7241;0,6916;0,7052
2021-02-13;"NORDESTE";4;4;0;0;8;0;0;0;0;0;8;0;4;4;0;8;0;8;12;4;8;1;NA;0;NA;1;0;0,3333
2021-02-13;"NORTE";79;9;0;0;60;41;0;0;70;0;19;0;79;9;70;60;41;19;139;50;89;0,1139;NA;0,6833;NA;0,1139;0,6833;0,3597
2021-02-13;"OESTE";73;18;0;0;45;18;0;0;55;0;27;0;73;18;55;45;18;27;118;36;82;0,2466;NA;0,4;NA;0,2466;0,4;0,3051
2021-02-13;"SUDOESTE";86;42;0;0;70;59;1;0;44;0;11;1;86;42;44;71;59;12;157;101;56;0,4884;NA;0,8429;0;0,4884;0,831;0,6433
2021-02-13;"SUL";147;107;10;2;115;101;3;3;40;8;14;0;157;109;48;118;104;14;275;213;62;0,7279;0,2;0,8783;1;0,6943;0,8814;0,7745
2021-02-14;"CENTRO-LESTE";119;55;0;0;103;80;5;3;64;0;23;2;119;55;64;108;83;25;227;138;89;0,4622;NA;0,7767;0,6;0,4622;0,7685;0,6079
2021-02-14;"CENTRO-NORTE";40;9;0;0;20;14;0;0;31;0;6;0;40;9;31;20;14;6;60;23;37;0,225;NA;0,7;NA;0,225;0,7;0,3833
2021-02-14;"EXTREMO-SUL";30;11;0;0;45;32;0;0;19;0;13;0;30;11;19;45;32;13;75;43;32;0,3667;NA;0,7111;NA;0,3667;0,7111;0,5733
2021-02-14;"LESTE";416;307;37;24;602;430;27;17;109;13;172;10;453;331;122;629;447;182;1082;778;304;0,738;0,6486;0,7143;0,6296;0,7307;0,7107;0,719
2021-02-14;"NORDESTE";4;4;0;0;8;0;0;0;0;0;8;0;4;4;0;8;0;8;12;4;8;1;NA;0;NA;1;0;0,3333
2021-02-14;"NORTE";79;8;0;0;60;38;0;0;71;0;22;0;79;8;71;60;38;22;139;46;93;0,1013;NA;0,6333;NA;0,1013;0,6333;0,3309
2021-02-14;"OESTE";73;19;0;0;45;19;0;0;54;0;26;0;73;19;54;45;19;26;118;38;80;0,2603;NA;0,4222;NA;0,2603;0,4222;0,322
2021-02-14;"SUDOESTE";86;33;0;0;70;59;1;0;53;0;11;1;86;33;53;71;59;12;157;92;65;0,3837;NA;0,8429;0;0,3837;0,831;0,586
2021-02-14;"SUL";147;104;10;2;115;94;3;3;43;8;21;0;157;106;51;118;97;21;275;203;72;0,7075;0,2;0,8174;1;0,6752;0,822;0,7382
2021-02-15;"CENTRO-LESTE";119;52;0;0;103;81;5;1;67;0;22;4;119;52;67;108;82;26;227;134;93;0,437;NA;0,7864;0,2;0,437;0,7593;0,5903
2021-02-15;"CENTRO-NORTE";40;12;0;0;20;13;0;0;28;0;7;0;40;12;28;20;13;7;60;25;35;0,3;NA;0,65;NA;0,3;0,65;0,4167
2021-02-15;"EXTREMO-SUL";30;15;0;0;45;31;0;0;15;0;14;0;30;15;15;45;31;14;75;46;29;0,5;NA;0,6889;NA;0,5;0,6889;0,6133
2021-02-15;"LESTE";416;319;37;28;602;440;27;18;97;9;162;9;453;347;106;629;458;171;1082;805;277;0,7668;0,7568;0,7309;0,6667;0,766;0,7281;0,744
2021-02-15;"NORDESTE";4;4;0;0;8;0;0;0;0;0;8;0;4;4;0;8;0;8;12;4;8;1;NA;0;NA;1;0;0,3333
2021-02-15;"NORTE";79;7;0;0;60;40;0;0;72;0;20;0;79;7;72;60;40;20;139;47;92;0,0886;NA;0,6667;NA;0,0886;0,6667;0,3381
2021-02-15;"OESTE";73;17;0;0;45;18;0;0;56;0;27;0;73;17;56;45;18;27;118;35;83;0,2329;NA;0,4;NA;0,2329;0,4;0,2966
2021-02-15;"SUDOESTE";86;48;0;0;70;59;1;0;38;0;11;1;86;48;38;71;59;12;157;107;50;0,5581;NA;0,8429;0;0,5581;0,831;0,6815
2021-02-15;"SUL";147;100;10;2;115;101;3;3;47;8;14;0;157;102;55;118;104;14;275;206;69;0,6803;0,2;0,8783;1;0,6497;0,8814;0,7491
2021-02-16;"CENTRO-LESTE";119;52;0;0;103;86;5;0;67;0;17;5;119;52;67;108;86;22;227;138;89;0,437;NA;0,835;0;0,437;0,7963;0,6079
2021-02-16;"CENTRO-NORTE";40;12;0;0;20;13;0;0;28;0;7;0;40;12;28;20;13;7;60;25;35;0,3;NA;0,65;NA;0,3;0,65;0,4167
2021-02-16;"EXTREMO-SUL";30;13;0;0;45;30;0;0;17;0;15;0;30;13;17;45;30;15;75;43;32;0,4333;NA;0,6667;NA;0,4333;0,6667;0,5733
2021-02-16;"LESTE";416;328;37;27;602;444;27;18;88;10;158;9;453;355;98;629;462;167;1082;817;265;0,7885;0,7297;0,7375;0,6667;0,7837;0,7345;0,7551
2021-02-16;"NORDESTE";4;4;0;0;8;0;0;0;0;0;8;0;4;4;0;8;0;8;12;4;8;1;NA;0;NA;1;0;0,3333
2021-02-16;"NORTE";79;9;0;0;60;41;0;0;70;0;19;0;79;9;70;60;41;19;139;50;89;0,1139;NA;0,6833;NA;0,1139;0,6833;0,3597
2021-02-16;"OESTE";73;21;0;0;45;14;0;0;52;0;31;0;73;21;52;45;14;31;118;35;83;0,2877;NA;0,3111;NA;0,2877;0,3111;0,2966
2021-02-16;"SUDOESTE";86;42;0;0;70;59;1;1;44;0;11;0;86;42;44;71;60;11;157;102;55;0,4884;NA;0,8429;1;0,4884;0,8451;0,6497
2021-02-16;"SUL";147;101;10;4;115;104;3;0;46;6;11;3;157;105;52;118;104;14;275;209;66;0,6871;0,4;0,9043;0;0,6688;0,8814;0,76
2021-02-17;"CENTRO-LESTE";119;57;0;0;103;85;5;1;62;0;18;4;119;57;62;108;86;22;227;143;84;0,479;NA;0,8252;0,2;0,479;0,7963;0,63
2021-02-17;"CENTRO-NORTE";40;10;0;0;20;12;0;0;30;0;8;0;40;10;30;20;12;8;60;22;38;0,25;NA;0,6;NA;0,25;0,6;0,3667
2021-02-17;"EXTREMO-SUL";30;14;0;0;45;30;0;0;16;0;15;0;30;14;16;45;30;15;75;44;31;0,4667;NA;0,6667;NA;0,4667;0,6667;0,5867
2021-02-17;"LESTE";416;339;37;29;612;468;27;17;77;8;144;10;453;368;85;639;485;154;1092;853;239;0,8149;0,7838;0,7647;0,6296;0,8124;0,759;0,7811
2021-02-17;"NORDESTE";4;4;0;0;8;0;0;0;0;0;8;0;4;4;0;8;0;8;12;4;8;1;NA;0;NA;1;0;0,3333
2021-02-17;"NORTE";79;9;0;0;60;42;0;0;70;0;18;0;79;9;70;60;42;18;139;51;88;0,1139;NA;0,7;NA;0,1139;0,7;0,3669
2021-02-17;"OESTE";73;22;0;0;45;17;0;0;51;0;28;0;73;22;51;45;17;28;118;39;79;0,3014;NA;0,3778;NA;0,3014;0,3778;0,3305
2021-02-17;"SUDOESTE";86;45;0;0;70;58;1;1;41;0;12;0;86;45;41;71;59;12;157;104;53;0,5233;NA;0,8286;1;0,5233;0,831;0,6624
2021-02-17;"SUL";147;104;10;3;115;104;3;2;43;7;11;1;157;107;50;118;106;12;275;213;62;0,7075;0,3;0,9043;0,6667;0,6815;0,8983;0,7745
2021-02-18;"CENTRO-LESTE";119;57;0;0;103;87;5;1;62;0;16;4;119;57;62;108;88;20;227;145;82;0,479;NA;0,8447;0,2;0,479;0,8148;0,6388
2021-02-18;"CENTRO-NORTE";40;9;0;0;20;14;0;0;31;0;6;0;40;9;31;20;14;6;60;23;37;0,225;NA;0,7;NA;0,225;0,7;0,3833
2021-02-18;"EXTREMO-SUL";30;10;0;0;45;32;0;0;20;0;13;0;30;10;20;45;32;13;75;42;33;0,3333;NA;0,7111;NA;0,3333;0,7111;0,56
2021-02-18;"LESTE";406;340;37;29;612;453;27;20;66;8;159;7;443;369;74;639;473;166;1082;842;240;0,8374;0,7838;0,7402;0,7407;0,833;0,7402;0,7782
2021-02-18;"NORDESTE";4;4;0;0;8;2;0;0;0;0;6;0;4;4;0;8;2;6;12;6;6;1;NA;0,25;NA;1;0,25;0,5
2021-02-18;"NORTE";79;7;0;0;60;43;0;0;72;0;17;0;79;7;72;60;43;17;139;50;89;0,0886;NA;0,7167;NA;0,0886;0,7167;0,3597
2021-02-18;"OESTE";73;20;0;0;45;17;0;0;53;0;28;0;73;20;53;45;17;28;118;37;81;0,274;NA;0,3778;NA;0,274;0,3778;0,3136
2021-02-18;"SUDOESTE";86;42;0;0;70;68;1;1;44;0;2;0;86;42;44;71;69;2;157;111;46;0,4884;NA;0,9714;1;0,4884;0,9718;0,707
2021-02-18;"SUL";147;116;10;3;115;106;3;2;31;7;9;1;157;119;38;118;108;10;275;227;48;0,7891;0,3;0,9217;0,6667;0,758;0,9153;0,8255
2021-02-19;"CENTRO-LESTE";119;62;0;0;103;85;5;1;57;0;18;4;119;62;57;108;86;22;227;148;79;0,521;NA;0,8252;0,2;0,521;0,7963;0,652
2021-02-19;"CENTRO-NORTE";40;8;0;0;20;13;0;0;32;0;7;0;40;8;32;20;13;7;60;21;39;0,2;NA;0,65;NA;0,2;0,65;0,35
2021-02-19;"EXTREMO-SUL";30;5;0;0;45;38;0;0;25;0;7;0;30;5;25;45;38;7;75;43;32;0,1667;NA;0,8444;NA;0,1667;0,8444;0,5733
2021-02-19;"LESTE";406;334;37;27;612;480;27;20;72;10;132;7;443;361;82;639;500;139;1082;861;221;0,8227;0,7297;0,7843;0,7407;0,8149;0,7825;0,7957
2021-02-19;"NORDESTE";4;4;0;0;8;3;0;0;0;0;5;0;4;4;0;8;3;5;12;7;5;1;NA;0,375;NA;1;0,375;0,5833
2021-02-19;"NORTE";79;10;0;0;60;38;0;0;69;0;22;0;79;10;69;60;38;22;139;48;91;0,1266;NA;0,6333;NA;0,1266;0,6333;0,3453
2021-02-19;"OESTE";73;21;0;0;45;17;0;0;52;0;28;0;73;21;52;45;17;28;118;38;80;0,2877;NA;0,3778;NA;0,2877;0,3778;0,322
2021-02-19;"SUDOESTE";86;43;0;0;70;65;1;1;43;0;5;0;86;43;43;71;66;5;157;109;48;0,5;NA;0,9286;1;0,5;0,9296;0,6943
2021-02-19;"SUL";147;112;10;4;115;104;3;2;35;6;11;1;157;116;41;118;106;12;275;222;53;0,7619;0,4;0,9043;0,6667;0,7389;0,8983;0,8073
2021-02-20;"CENTRO-LESTE";119;60;0;0;103;85;5;2;59;0;18;3;119;60;59;108;87;21;227;147;80;0,5042;NA;0,8252;0,4;0,5042;0,8056;0,6476
2021-02-20;"CENTRO-NORTE";40;8;0;0;20;11;0;0;32;0;9;0;40;8;32;20;11;9;60;19;41;0,2;NA;0,55;NA;0,2;0,55;0,3167
2021-02-20;"EXTREMO-SUL";30;6;0;0;45;37;0;0;24;0;8;0;30;6;24;45;37;8;75;43;32;0,2;NA;0,8222;NA;0,2;0,8222;0,5733
2021-02-20;"LESTE";406;345;37;29;612;480;27;20;61;8;132;7;443;374;69;639;500;139;1082;874;208;0,8498;0,7838;0,7843;0,7407;0,8442;0,7825;0,8078
2021-02-20;"NORDESTE";4;4;0;0;8;3;0;0;0;0;5;0;4;4;0;8;3;5;12;7;5;1;NA;0,375;NA;1;0,375;0,5833
2021-02-20;"NORTE";79;8;0;0;60;41;0;0;71;0;19;0;79;8;71;60;41;19;139;49;90;0,1013;NA;0,6833;NA;0,1013;0,6833;0,3525
2021-02-20;"OESTE";73;24;0;0;45;16;0;0;49;0;29;0;73;24;49;45;16;29;118;40;78;0,3288;NA;0,3556;NA;0,3288;0,3556;0,339
2021-02-20;"SUDOESTE";86;34;0;0;70;65;1;1;52;0;5;0;86;34;52;71;66;5;157;100;57;0,3953;NA;0,9286;1;0,3953;0,9296;0,6369
2021-02-20;"SUL";147;113;10;4;115;105;3;2;34;6;10;1;157;117;40;118;107;11;275;224;51;0,7687;0,4;0,913;0,6667;0,7452;0,9068;0,8145
2021-02-21;"CENTRO-LESTE";119;59;0;0;103;86;5;2;60;0;17;3;119;59;60;108;88;20;227;147;80;0,4958;NA;0,835;0,4;0,4958;0,8148;0,6476
2021-02-21;"CENTRO-NORTE";40;9;0;0;20;11;0;0;31;0;9;0;40;9;31;20;11;9;60;20;40;0,225;NA;0,55;NA;0,225;0,55;0,3333
2021-02-21;"EXTREMO-SUL";30;11;0;0;45;31;0;0;19;0;14;0;30;11;19;45;31;14;75;42;33;0,3667;NA;0,6889;NA;0,3667;0,6889;0,56
2021-02-21;"LESTE";406;342;37;28;622;493;27;19;64;9;129;8;443;370;73;649;512;137;1092;882;210;0,8424;0,7568;0,7926;0,7037;0,8352;0,7889;0,8077
2021-02-21;"NORDESTE";4;4;0;0;8;3;0;0;0;0;5;0;4;4;0;8;3;5;12;7;5;1;NA;0,375;NA;1;0,375;0,5833
2021-02-21;"NORTE";79;7;0;0;60;45;0;0;72;0;15;0;79;7;72;60;45;15;139;52;87;0,0886;NA;0,75;NA;0,0886;0,75;0,3741
2021-02-21;"OESTE";73;20;0;0;50;22;0;0;53;0;28;0;73;20;53;50;22;28;123;42;81;0,274;NA;0,44;NA;0,274;0,44;0,3415
2021-02-21;"SUDOESTE";86;36;0;0;70;66;1;1;50;0;4;0;86;36;50;71;67;4;157;103;54;0,4186;NA;0,9429;1;0,4186;0,9437;0,6561
2021-02-21;"SUL";153;126;10;4;125;108;3;3;27;6;17;0;163;130;33;128;111;17;291;241;50;0,8235;0,4;0,864;1;0,7975;0,8672;0,8282
2021-02-22;"CENTRO-LESTE";119;69;0;0;103;93;5;2;50;0;10;3;119;69;50;108;95;13;227;164;63;0,5798;NA;0,9029;0,4;0,5798;0,8796;0,7225
2021-02-22;"CENTRO-NORTE";40;4;0;0;20;11;0;0;36;0;9;0;40;4;36;20;11;9;60;15;45;0,1;NA;0,55;NA;0,1;0,55;0,25
2021-02-22;"EXTREMO-SUL";30;5;0;0;45;39;0;0;25;0;6;0;30;5;25;45;39;6;75;44;31;0,1667;NA;0,8667;NA;0,1667;0,8667;0,5867
2021-02-22;"LESTE";426;332;37;26;632;514;27;15;94;11;118;12;463;358;105;659;529;130;1122;887;235;0,7793;0,7027;0,8133;0,5556;0,7732;0,8027;0,7906
2021-02-22;"NORDESTE";0;0;0;0;8;8;0;0;0;0;0;0;0;0;0;8;8;0;8;8;0;NA;NA;1;NA;NA;1;1
2021-02-22;"NORTE";79;7;0;0;60;41;0;0;72;0;19;0;79;7;72;60;41;19;139;48;91;0,0886;NA;0,6833;NA;0,0886;0,6833;0,3453
2021-02-22;"OESTE";73;21;0;0;50;21;0;0;52;0;29;0;73;21;52;50;21;29;123;42;81;0,2877;NA;0,42;NA;0,2877;0,42;0,3415
2021-02-22;"SUDOESTE";86;35;0;0;70;62;1;1;51;0;8;0;86;35;51;71;63;8;157;98;59;0,407;NA;0,8857;1;0,407;0,8873;0,6242
2021-02-22;"SUL";153;108;10;4;125;104;3;1;45;6;21;2;163;112;51;128;105;23;291;217;74;0,7059;0,4;0,832;0,3333;0,6871;0,8203;0,7457
2021-02-23;"CENTRO-LESTE";119;68;0;0;103;95;5;2;51;0;8;3;119;68;51;108;97;11;227;165;62;0,5714;NA;0,9223;0,4;0,5714;0,8981;0,7269
2021-02-23;"CENTRO-NORTE";40;5;0;0;20;11;0;0;35;0;9;0;40;5;35;20;11;9;60;16;44;0,125;NA;0,55;NA;0,125;0,55;0,2667
2021-02-23;"EXTREMO-SUL";30;7;0;0;45;36;0;0;23;0;9;0;30;7;23;45;36;9;75;43;32;0,2333;NA;0,8;NA;0,2333;0,8;0,5733
2021-02-23;"LESTE";426;325;37;30;632;518;27;18;101;7;114;9;463;355;108;659;536;123;1122;891;231;0,7629;0,8108;0,8196;0,6667;0,7667;0,8134;0,7941
2021-02-23;"NORDESTE";6;0;4;1;8;8;0;0;6;3;0;0;10;1;9;8;8;0;18;9;9;0;0,25;1;NA;0,1;1;0,5
2021-02-23;"NORTE";79;10;0;0;60;42;0;0;69;0;18;0;79;10;69;60;42;18;139;52;87;0,1266;NA;0,7;NA;0,1266;0,7;0,3741
2021-02-23;"OESTE";73;20;0;0;50;19;0;0;53;0;31;0;73;20;53;50;19;31;123;39;84;0,274;NA;0,38;NA;0,274;0,38;0,3171
2021-02-23;"SUDOESTE";86;34;0;0;70;58;1;1;52;0;12;0;86;34;52;71;59;12;157;93;64;0,3953;NA;0,8286;1;0,3953;0,831;0,5924
2021-02-23;"SUL";153;118;10;3;125;106;3;1;35;7;19;2;163;121;42;128;107;21;291;228;63;0,7712;0,3;0,848;0,3333;0,7423;0,8359;0,7835
2021-02-24;"CENTRO-LESTE";119;70;0;0;103;97;5;1;49;0;6;4;119;70;49;108;98;10;227;168;59;0,5882;NA;0,9417;0,2;0,5882;0,9074;0,7401
2021-02-24;"CENTRO-NORTE";40;7;0;0;20;15;0;0;33;0;5;0;40;7;33;20;15;5;60;22;38;0,175;NA;0,75;NA;0,175;0,75;0,3667
2021-02-24;"EXTREMO-SUL";30;5;0;0;45;36;0;0;25;0;9;0;30;5;25;45;36;9;75;41;34;0,1667;NA;0,8;NA;0,1667;0,8;0,5467
2021-02-24;"LESTE";426;329;37;31;632;522;27;17;97;6;110;10;463;360;103;659;539;120;1122;899;223;0,7723;0,8378;0,8259;0,6296;0,7775;0,8179;0,8012
2021-02-24;"NORDESTE";6;0;4;1;8;8;0;0;6;3;0;0;10;1;9;8;8;0;18;9;9;0;0,25;1;NA;0,1;1;0,5
2021-02-24;"NORTE";79;10;0;0;60;43;0;0;69;0;17;0;79;10;69;60;43;17;139;53;86;0,1266;NA;0,7167;NA;0,1266;0,7167;0,3813
2021-02-24;"OESTE";73;16;0;0;50;18;0;0;57;0;32;0;73;16;57;50;18;32;123;34;89;0,2192;NA;0,36;NA;0,2192;0,36;0,2764
2021-02-24;"SUDOESTE";86;32;0;0;70;58;1;1;54;0;12;0;86;32;54;71;59;12;157;91;66;0,3721;NA;0,8286;1;0,3721;0,831;0,5796
2021-02-24;"SUL";169;131;10;4;125;111;3;3;38;6;14;0;179;135;44;128;114;14;307;249;58;0,7751;0,4;0,888;1;0,7542;0,8906;0,8111
2021-02-25;"CENTRO-LESTE";119;64;0;0;103;96;5;1;55;0;7;4;119;64;55;108;97;11;227;161;66;0,5378;NA;0,932;0,2;0,5378;0,8981;0,7093
2021-02-25;"CENTRO-NORTE";40;8;0;0;20;18;0;0;32;0;2;0;40;8;32;20;18;2;60;26;34;0,2;NA;0,9;NA;0,2;0,9;0,4333
2021-02-25;"EXTREMO-SUL";30;9;0;0;45;35;0;0;21;0;10;0;30;9;21;45;35;10;75;44;31;0,3;NA;0,7778;NA;0,3;0,7778;0,5867
2021-02-25;"LESTE";426;327;37;30;632;522;27;18;99;7;110;9;463;357;106;659;540;119;1122;897;225;0,7676;0,8108;0,8259;0,6667;0,7711;0,8194;0,7995
2021-02-25;"NORDESTE";6;0;4;2;8;8;0;0;6;2;0;0;10;2;8;8;8;0;18;10;8;0;0,5;1;NA;0,2;1;0,5556
2021-02-25;"NORTE";79;8;0;0;60;45;0;0;71;0;15;0;79;8;71;60;45;15;139;53;86;0,1013;NA;0,75;NA;0,1013;0,75;0,3813
2021-02-25;"OESTE";73;24;0;0;50;24;0;0;49;0;26;0;73;24;49;50;24;26;123;48;75;0,3288;NA;0,48;NA;0,3288;0,48;0,3902
2021-02-25;"SUDOESTE";86;35;0;0;70;63;1;1;51;0;7;0;86;35;51;71;64;7;157;99;58;0,407;NA;0,9;1;0,407;0,9014;0,6306
2021-02-25;"SUL";169;134;10;5;125;111;3;3;35;5;14;0;179;139;40;128;114;14;307;253;54;0,7929;0,5;0,888;1;0,7765;0,8906;0,8241
2021-02-26;"CENTRO-LESTE";119;64;0;0;103;94;5;4;55;0;9;1;119;64;55;108;98;10;227;162;65;0,5378;NA;0,9126;0,8;0,5378;0,9074;0,7137
2021-02-26;"CENTRO-NORTE";40;8;0;0;20;19;0;0;32;0;1;0;40;8;32;20;19;1;60;27;33;0,2;NA;0,95;NA;0,2;0,95;0,45
2021-02-26;"EXTREMO-SUL";30;11;0;0;45;34;0;0;19;0;11;0;30;11;19;45;34;11;75;45;30;0,3667;NA;0,7556;NA;0,3667;0,7556;0,6
2021-02-26;"LESTE";421;332;37;27;637;522;27;20;89;10;115;7;458;359;99;664;542;122;1122;901;221;0,7886;0,7297;0,8195;0,7407;0,7838;0,8163;0,803
2021-02-26;"NORDESTE";6;2;4;1;8;8;0;0;4;3;0;0;10;3;7;8;8;0;18;11;7;0,3333;0,25;1;NA;0,3;1;0,6111
2021-02-26;"NORTE";79;12;0;0;60;42;0;0;67;0;18;0;79;12;67;60;42;18;139;54;85;0,1519;NA;0,7;NA;0,1519;0,7;0,3885
2021-02-26;"OESTE";73;23;0;0;50;27;0;0;50;0;23;0;73;23;50;50;27;23;123;50;73;0,3151;NA;0,54;NA;0,3151;0,54;0,4065
2021-02-26;"SUDOESTE";86;44;0;0;70;57;1;1;42;0;13;0;86;44;42;71;58;13;157;102;55;0,5116;NA;0,8143;1;0,5116;0,8169;0,6497
2021-02-26;"SUL";169;125;10;6;125;113;3;2;44;4;12;1;179;131;48;128;115;13;307;246;61;0,7396;0,6;0,904;0,6667;0,7318;0,8984;0,8013
2021-02-27;"CENTRO-LESTE";119;70;0;0;103;97;5;1;49;0;6;4;119;70;49;108;98;10;227;168;59;0,5882;NA;0,9417;0,2;0,5882;0,9074;0,7401
2021-02-27;"CENTRO-NORTE";40;8;0;0;20;16;0;0;32;0;4;0;40;8;32;20;16;4;60;24;36;0,2;NA;0,8;NA;0,2;0,8;0,4
2021-02-27;"EXTREMO-SUL";30;13;0;0;45;38;0;0;17;0;7;0;30;13;17;45;38;7;75;51;24;0,4333;NA;0,8444;NA;0,4333;0,8444;0,68
2021-02-27;"LESTE";426;323;37;27;644;506;27;20;103;10;138;7;463;350;113;671;526;145;1134;876;258;0,7582;0,7297;0,7857;0,7407;0,7559;0,7839;0,7725
2021-02-27;"NORDESTE";6;3;4;2;8;8;0;0;3;2;0;0;10;5;5;8;8;0;18;13;5;0,5;0,5;1;NA;0,5;1;0,7222
2021-02-27;"NORTE";79;10;0;0;60;40;0;0;69;0;20;0;79;10;69;60;40;20;139;50;89;0,1266;NA;0,6667;NA;0,1266;0,6667;0,3597
2021-02-27;"OESTE";73;24;0;0;50;31;0;0;49;0;19;0;73;24;49;50;31;19;123;55;68;0,3288;NA;0,62;NA;0,3288;0,62;0,4472
2021-02-27;"SUDOESTE";86;45;0;0;70;59;1;1;41;0;11;0;86;45;41;71;60;11;157;105;52;0,5233;NA;0,8429;1;0,5233;0,8451;0,6688
2021-02-27;"SUL";169;126;10;6;125;114;3;2;43;4;11;1;179;132;47;128;116;12;307;248;59;0,7456;0,6;0,912;0,6667;0,7374;0,9062;0,8078
2021-02-28;"CENTRO-LESTE";119;71;0;0;113;103;5;3;48;0;10;2;119;71;48;118;106;12;237;177;60;0,5966;NA;0,9115;0,6;0,5966;0,8983;0,7468
2021-02-28;"CENTRO-NORTE";40;8;0;0;20;19;0;0;32;0;1;0;40;8;32;20;19;1;60;27;33;0,2;NA;0,95;NA;0,2;0,95;0,45
2021-02-28;"EXTREMO-SUL";30;9;0;0;45;38;0;0;21;0;7;0;30;9;21;45;38;7;75;47;28;0,3;NA;0,8444;NA;0,3;0,8444;0,6267
2021-02-28;"LESTE";426;331;37;30;644;540;27;20;95;7;104;7;463;361;102;671;560;111;1134;921;213;0,777;0,8108;0,8385;0,7407;0,7797;0,8346;0,8122
2021-02-28;"NORDESTE";6;2;4;2;8;8;0;0;4;2;0;0;10;4;6;8;8;0;18;12;6;0,3333;0,5;1;NA;0,4;1;0,6667
2021-02-28;"NORTE";79;9;0;0;60;40;0;0;70;0;20;0;79;9;70;60;40;20;139;49;90;0,1139;NA;0,6667;NA;0,1139;0,6667;0,3525
2021-02-28;"OESTE";73;26;0;0;50;30;0;0;47;0;20;0;73;26;47;50;30;20;123;56;67;0,3562;NA;0,6;NA;0,3562;0,6;0,4553
2021-02-28;"SUDOESTE";86;50;0;0;70;63;1;1;36;0;7;0;86;50;36;71;64;7;157;114;43;0,5814;NA;0,9;1;0,5814;0,9014;0,7261
2021-02-28;"SUL";169;137;10;8;125;116;3;2;32;2;9;1;179;145;34;128;118;10;307;263;44;0,8107;0,8;0,928;0,6667;0,8101;0,9219;0,8567
2021-03-01;"CENTRO-LESTE";119;74;0;0;113;100;5;3;45;0;13;2;119;74;45;118;103;15;237;177;60;0,6218;NA;0,885;0,6;0,6218;0,8729;0,7468
2021-03-01;"CENTRO-NORTE";40;8;0;0;20;19;0;0;32;0;1;0;40;8;32;20;19;1;60;27;33;0,2;NA;0,95;NA;0,2;0,95;0,45
2021-03-01;"EXTREMO-SUL";30;7;0;0;45;38;0;0;23;0;7;0;30;7;23;45;38;7;75;45;30;0,2333;NA;0,8444;NA;0,2333;0,8444;0,6
2021-03-01;"LESTE";426;342;37;28;644;528;27;18;84;9;116;9;463;370;93;671;546;125;1134;916;218;0,8028;0,7568;0,8199;0,6667;0,7991;0,8137;0,8078
2021-03-01;"NORDESTE";6;2;4;2;8;7;0;0;4;2;1;0;10;4;6;8;7;1;18;11;7;0,3333;0,5;0,875;NA;0,4;0,875;0,6111
2021-03-01;"NORTE";79;10;0;0;60;46;0;0;69;0;14;0;79;10;69;60;46;14;139;56;83;0,1266;NA;0,7667;NA;0,1266;0,7667;0,4029
2021-03-01;"OESTE";73;26;0;0;50;27;0;0;47;0;23;0;73;26;47;50;27;23;123;53;70;0,3562;NA;0,54;NA;0,3562;0,54;0,4309
2021-03-01;"SUDOESTE";86;56;0;0;70;61;1;1;30;0;9;0;86;56;30;71;62;9;157;118;39;0,6512;NA;0,8714;1;0,6512;0,8732;0,7516
2021-03-01;"SUL";169;132;10;8;125;115;3;2;37;2;10;1;179;140;39;128;117;11;307;257;50;0,7811;0,8;0,92;0,6667;0,7821;0,9141;0,8371
2021-03-02;"CENTRO-LESTE";119;76;0;0;113;95;5;4;43;0;18;1;119;76;43;118;99;19;237;175;62;0,6387;NA;0,8407;0,8;0,6387;0,839;0,7384
2021-03-02;"CENTRO-NORTE";40;8;0;0;20;18;0;0;32;0;2;0;40;8;32;20;18;2;60;26;34;0,2;NA;0,9;NA;0,2;0,9;0,4333
2021-03-02;"EXTREMO-SUL";30;7;0;0;45;35;0;0;23;0;10;0;30;7;23;45;35;10;75;42;33;0,2333;NA;0,7778;NA;0,2333;0,7778;0,56
2021-03-02;"LESTE";426;334;37;32;644;542;27;17;92;5;102;10;463;366;97;671;559;112;1134;925;209;0,784;0,8649;0,8416;0,6296;0,7905;0,8331;0,8157
2021-03-02;"NORDESTE";6;1;4;2;8;8;0;0;5;2;0;0;10;3;7;8;8;0;18;11;7;0,1667;0,5;1;NA;0,3;1;0,6111
2021-03-02;"NORTE";79;19;0;0;60;46;0;0;60;0;14;0;79;19;60;60;46;14;139;65;74;0,2405;NA;0,7667;NA;0,2405;0,7667;0,4676
2021-03-02;"OESTE";73;28;0;0;50;30;0;0;45;0;20;0;73;28;45;50;30;20;123;58;65;0,3836;NA;0,6;NA;0,3836;0,6;0,4715
2021-03-02;"SUDOESTE";86;58;0;0;70;61;1;1;28;0;9;0;86;58;28;71;62;9;157;120;37;0,6744;NA;0,8714;1;0,6744;0,8732;0,7643
2021-03-02;"SUL";163;133;10;8;135;99;3;2;30;2;36;1;173;141;32;138;101;37;311;242;69;0,816;0,8;0,7333;0,6667;0,815;0,7319;0,7781
2021-03-03;"CENTRO-LESTE";119;76;0;0;113;97;5;4;43;0;16;1;119;76;43;118;101;17;237;177;60;0,6387;NA;0,8584;0,8;0,6387;0,8559;0,7468
2021-03-03;"CENTRO-NORTE";40;9;0;0;20;18;0;0;31;0;2;0;40;9;31;20;18;2;60;27;33;0,225;NA;0,9;NA;0,225;0,9;0,45
2021-03-03;"EXTREMO-SUL";30;9;0;0;45;35;0;0;21;0;10;0;30;9;21;45;35;10;75;44;31;0,3;NA;0,7778;NA;0,3;0,7778;0,5867
2021-03-03;"LESTE";426;344;37;32;644;541;27;17;82;5;103;10;463;376;87;671;558;113;1134;934;200;0,8075;0,8649;0,8401;0,6296;0,8121;0,8316;0,8236
2021-03-03;"NORDESTE";6;1;4;0;8;8;0;0;5;4;0;0;10;1;9;8;8;0;18;9;9;0,1667;0;1;NA;0,1;1;0,5
2021-03-03;"NORTE";79;22;0;0;60;49;0;0;57;0;11;0;79;22;57;60;49;11;139;71;68;0,2785;NA;0,8167;NA;0,2785;0,8167;0,5108
2021-03-03;"OESTE";73;22;0;0;50;33;0;0;51;0;17;0;73;22;51;50;33;17;123;55;68;0,3014;NA;0,66;NA;0,3014;0,66;0,4472
2021-03-03;"SUDOESTE";86;52;0;0;70;61;1;1;34;0;9;0;86;52;34;71;62;9;157;114;43;0,6047;NA;0,8714;1;0,6047;0,8732;0,7261
2021-03-03;"SUL";163;131;10;9;135;119;3;1;32;1;16;2;173;140;33;138;120;18;311;260;51;0,8037;0,9;0,8815;0,3333;0,8092;0,8696;0,836
2021-03-04;"CENTRO-LESTE";119;83;0;0;113;97;5;4;36;0;16;1;119;83;36;118;101;17;237;184;53;0,6975;NA;0,8584;0,8;0,6975;0,8559;0,7764
2021-03-04;"CENTRO-NORTE";40;9;0;0;20;18;0;0;31;0;2;0;40;9;31;20;18;2;60;27;33;0,225;NA;0,9;NA;0,225;0,9;0,45
2021-03-04;"EXTREMO-SUL";30;9;0;0;45;32;0;0;21;0;13;0;30;9;21;45;32;13;75;41;34;0,3;NA;0,7111;NA;0,3;0,7111;0,5467
2021-03-04;"LESTE";446;350;37;32;644;546;27;18;96;5;98;9;483;382;101;671;564;107;1154;946;208;0,7848;0,8649;0,8478;0,6667;0,7909;0,8405;0,8198
2021-03-04;"NORDESTE";6;1;4;0;8;8;0;0;5;4;0;0;10;1;9;8;8;0;18;9;9;0,1667;0;1;NA;0,1;1;0,5
2021-03-04;"NORTE";79;20;0;0;60;44;0;0;59;0;16;0;79;20;59;60;44;16;139;64;75;0,2532;NA;0,7333;NA;0,2532;0,7333;0,4604
2021-03-04;"OESTE";74;25;0;0;50;35;0;0;49;0;15;0;74;25;49;50;35;15;124;60;64;0,3378;NA;0,7;NA;0,3378;0,7;0,4839
2021-03-04;"SUDOESTE";86;44;0;0;70;58;1;1;42;0;12;0;86;44;42;71;59;12;157;103;54;0,5116;NA;0,8286;1;0,5116;0,831;0,6561
2021-03-04;"SUL";163;128;10;10;135;122;3;3;35;0;13;0;173;138;35;138;125;13;311;263;48;0,7853;1;0,9037;1;0,7977;0,9058;0,8457
2021-03-05;"CENTRO-LESTE";119;86;0;0;113;104;5;1;33;0;9;4;119;86;33;118;105;13;237;191;46;0,7227;NA;0,9204;0,2;0,7227;0,8898;0,8059
2021-03-05;"CENTRO-NORTE";40;12;0;0;20;16;0;0;28;0;4;0;40;12;28;20;16;4;60;28;32;0,3;NA;0,8;NA;0,3;0,8;0,4667
2021-03-05;"EXTREMO-SUL";30;9;0;0;45;36;0;0;21;0;9;0;30;9;21;45;36;9;75;45;30;0,3;NA;0,8;NA;0,3;0,8;0,6
2021-03-05;"LESTE";466;358;37;25;644;549;27;17;108;12;95;10;503;383;120;671;566;105;1174;949;225;0,7682;0,6757;0,8525;0,6296;0,7614;0,8435;0,8083
2021-03-05;"NORDESTE";6;1;4;0;8;8;0;0;5;4;0;0;10;1;9;8;8;0;18;9;9;0,1667;0;1;NA;0,1;1;0,5
2021-03-05;"NORTE";79;14;0;0;60;50;0;0;65;0;10;0;79;14;65;60;50;10;139;64;75;0,1772;NA;0,8333;NA;0,1772;0,8333;0,4604
2021-03-05;"OESTE";74;24;0;0;50;36;0;0;50;0;14;0;74;24;50;50;36;14;124;60;64;0,3243;NA;0,72;NA;0,3243;0,72;0,4839
2021-03-05;"SUDOESTE";86;46;0;0;70;65;1;1;40;0;5;0;86;46;40;71;66;5;157;112;45;0,5349;NA;0,9286;1;0,5349;0,9296;0,7134
2021-03-05;"SUL";163;130;10;7;135;127;3;3;33;3;8;0;173;137;36;138;130;8;311;267;44;0,7975;0,7;0,9407;1;0,7919;0,942;0,8585
2021-03-06;"CENTRO-LESTE";119;82;0;0;113;106;5;2;37;0;7;3;119;82;37;118;108;10;237;190;47;0,6891;NA;0,9381;0,4;0,6891;0,9153;0,8017
2021-03-06;"CENTRO-NORTE";40;10;0;0;20;16;0;0;30;0;4;0;40;10;30;20;16;4;60;26;34;0,25;NA;0,8;NA;0,25;0,8;0,4333
2021-03-06;"EXTREMO-SUL";30;11;0;0;45;35;0;0;19;0;10;0;30;11;19;45;35;10;75;46;29;0,3667;NA;0,7778;NA;0,3667;0,7778;0,6133
2021-03-06;"LESTE";506;364;37;26;664;558;27;18;142;11;106;9;543;390;153;691;576;115;1234;966;268;0,7194;0,7027;0,8404;0,6667;0,7182;0,8336;0,7828
2021-03-06;"NORDESTE";6;2;4;0;8;6;0;0;4;4;2;0;10;2;8;8;6;2;18;8;10;0,3333;0;0,75;NA;0,2;0,75;0,4444
2021-03-06;"NORTE";79;14;0;0;60;53;0;0;65;0;7;0;79;14;65;60;53;7;139;67;72;0,1772;NA;0,8833;NA;0,1772;0,8833;0,482
2021-03-06;"OESTE";74;21;0;0;50;35;0;0;53;0;15;0;74;21;53;50;35;15;124;56;68;0,2838;NA;0,7;NA;0,2838;0,7;0,4516
2021-03-06;"SUDOESTE";86;51;0;0;70;62;1;1;35;0;8;0;86;51;35;71;63;8;157;114;43;0,593;NA;0,8857;1;0,593;0,8873;0,7261
2021-03-06;"SUL";163;123;10;8;135;125;3;3;40;2;10;0;173;131;42;138;128;10;311;259;52;0,7546;0,8;0,9259;1;0,7572;0,9275;0,8328
2021-03-07;"CENTRO-LESTE";119;83;0;0;113;106;5;3;36;0;7;2;119;83;36;118;109;9;237;192;45;0,6975;NA;0,9381;0,6;0,6975;0,9237;0,8101
2021-03-07;"CENTRO-NORTE";40;9;0;0;20;14;0;0;31;0;6;0;40;9;31;20;14;6;60;23;37;0,225;NA;0,7;NA;0,225;0,7;0,3833
2021-03-07;"EXTREMO-SUL";30;14;0;0;45;35;0;0;16;0;10;0;30;14;16;45;35;10;75;49;26;0,4667;NA;0,7778;NA;0,4667;0,7778;0,6533
2021-03-07;"LESTE";516;392;37;31;674;571;27;19;124;6;103;8;553;423;130;701;590;111;1254;1013;241;0,7597;0,8378;0,8472;0,7037;0,7649;0,8417;0,8078
2021-03-07;"NORDESTE";6;5;4;0;8;8;0;0;1;4;0;0;10;5;5;8;8;0;18;13;5;0,8333;0;1;NA;0,5;1;0,7222
2021-03-07;"NORTE";79;14;0;0;60;52;0;0;65;0;8;0;79;14;65;60;52;8;139;66;73;0,1772;NA;0,8667;NA;0,1772;0,8667;0,4748
2021-03-07;"OESTE";74;20;0;0;50;43;0;0;54;0;7;0;74;20;54;50;43;7;124;63;61;0,2703;NA;0,86;NA;0,2703;0,86;0,5081
2021-03-07;"SUDOESTE";86;53;0;0;70;60;1;1;33;0;10;0;86;53;33;71;61;10;157;114;43;0,6163;NA;0,8571;1;0,6163;0,8592;0,7261
2021-03-07;"SUL";163;121;10;8;135;126;3;2;42;2;9;1;173;129;44;138;128;10;311;257;54;0,7423;0,8;0,9333;0,6667;0,7457;0,9275;0,8264
2021-03-08;"CENTRO-LESTE";119;92;0;0;113;95;5;3;27;0;18;2;119;92;27;118;98;20;237;190;47;0,7731;NA;0,8407;0,6;0,7731;0,8305;0,8017
2021-03-08;"CENTRO-NORTE";40;11;0;0;20;16;0;0;29;0;4;0;40;11;29;20;16;4;60;27;33;0,275;NA;0,8;NA;0,275;0,8;0,45
2021-03-08;"EXTREMO-SUL";30;14;0;0;45;36;0;0;16;0;9;0;30;14;16;45;36;9;75;50;25;0,4667;NA;0,8;NA;0,4667;0,8;0,6667
2021-03-08;"LESTE";516;414;37;31;674;579;27;19;102;6;95;8;553;445;108;701;598;103;1254;1043;211;0,8023;0,8378;0,8591;0,7037;0,8047;0,8531;0,8317
2021-03-08;"NORDESTE";6;5;4;0;8;6;0;0;1;4;2;0;10;5;5;8;6;2;18;11;7;0,8333;0;0,75;NA;0,5;0,75;0,6111
2021-03-08;"NORTE";79;17;0;0;60;53;0;0;62;0;7;0;79;17;62;60;53;7;139;70;69;0,2152;NA;0,8833;NA;0,2152;0,8833;0,5036
2021-03-08;"OESTE";74;21;0;0;50;44;0;0;53;0;6;0;74;21;53;50;44;6;124;65;59;0,2838;NA;0,88;NA;0,2838;0,88;0,5242
2021-03-08;"SUDOESTE";86;56;0;0;70;62;1;1;30;0;8;0;86;56;30;71;63;8;157;119;38;0,6512;NA;0,8857;1;0,6512;0,8873;0,758
2021-03-08;"SUL";163;124;10;6;135;124;3;3;39;4;11;0;173;130;43;138;127;11;311;257;54;0,7607;0,6;0,9185;1;0,7514;0,9203;0,8264
2021-03-09;"CENTRO-LESTE";119;87;0;0;113;105;5;3;32;0;8;2;119;87;32;118;108;10;237;195;42;0,7311;NA;0,9292;0,6;0,7311;0,9153;0,8228
2021-03-09;"CENTRO-NORTE";40;10;0;0;20;16;0;0;30;0;4;0;40;10;30;20;16;4;60;26;34;0,25;NA;0,8;NA;0,25;0,8;0,4333
2021-03-09;"EXTREMO-SUL";30;13;0;0;45;37;0;0;17;0;8;0;30;13;17;45;37;8;75;50;25;0,4333;NA;0,8222;NA;0,4333;0,8222;0,6667
2021-03-09;"LESTE";516;413;37;27;674;577;27;19;103;10;97;8;553;440;113;701;596;105;1254;1036;218;0,8004;0,7297;0,8561;0,7037;0,7957;0,8502;0,8262
2021-03-09;"NORDESTE";6;6;4;0;8;8;0;0;0;4;0;0;10;6;4;8;8;0;18;14;4;1;0;1;NA;0,6;1;0,7778
2021-03-09;"NORTE";79;23;0;0;60;54;0;0;56;0;6;0;79;23;56;60;54;6;139;77;62;0,2911;NA;0,9;NA;0,2911;0,9;0,554
2021-03-09;"OESTE";74;25;0;0;50;46;0;0;49;0;4;0;74;25;49;50;46;4;124;71;53;0,3378;NA;0,92;NA;0,3378;0,92;0,5726
2021-03-09;"SUDOESTE";86;62;0;0;70;64;1;1;24;0;6;0;86;62;24;71;65;6;157;127;30;0,7209;NA;0,9143;1;0,7209;0,9155;0,8089
2021-03-09;"SUL";163;121;10;5;135;119;3;2;42;5;16;1;173;126;47;138;121;17;311;247;64;0,7423;0,5;0,8815;0,6667;0,7283;0,8768;0,7942
2021-03-10;"CENTRO-LESTE";119;80;0;0;113;109;5;4;39;0;4;1;119;80;39;118;113;5;237;193;44;0,6723;NA;0,9646;0,8;0,6723;0,9576;0,8143
2021-03-10;"CENTRO-NORTE";40;12;0;0;20;18;0;0;28;0;2;0;40;12;28;20;18;2;60;30;30;0,3;NA;0,9;NA;0,3;0,9;0,5
2021-03-10;"EXTREMO-SUL";30;9;0;0;45;37;0;0;21;0;8;0;30;9;21;45;37;8;75;46;29;0,3;NA;0,8222;NA;0,3;0,8222;0,6133
2021-03-10;"LESTE";516;439;37;27;674;584;27;17;77;10;90;10;553;466;87;701;601;100;1254;1067;187;0,8508;0,7297;0,8665;0,6296;0,8427;0,8573;0,8509
2021-03-10;"NORDESTE";6;6;4;0;8;8;0;0;0;4;0;0;10;6;4;8;8;0;18;14;4;1;0;1;NA;0,6;1;0,7778
2021-03-10;"NORTE";79;21;0;0;60;57;0;0;58;0;3;0;79;21;58;60;57;3;139;78;61;0,2658;NA;0,95;NA;0,2658;0,95;0,5612
2021-03-10;"OESTE";74;25;0;0;50;43;0;0;49;0;7;0;74;25;49;50;43;7;124;68;56;0,3378;NA;0,86;NA;0,3378;0,86;0,5484
2021-03-10;"SUDOESTE";86;66;0;0;70;59;1;1;20;0;11;0;86;66;20;71;60;11;157;126;31;0,7674;NA;0,8429;1;0,7674;0,8451;0,8025
2021-03-10;"SUL";163;119;10;5;135;122;3;3;44;5;13;0;173;124;49;138;125;13;311;249;62;0,7301;0,5;0,9037;1;0,7168;0,9058;0,8006
2021-03-11;"CENTRO-LESTE";110;82;0;0;113;111;5;2;28;0;2;3;110;82;28;118;113;5;228;195;33;0,7455;NA;0,9823;0,4;0,7455;0,9576;0,8553
2021-03-11;"CENTRO-NORTE";40;13;0;0;20;19;0;0;27;0;1;0;40;13;27;20;19;1;60;32;28;0,325;NA;0,95;NA;0,325;0,95;0,5333
2021-03-11;"EXTREMO-SUL";30;11;0;0;45;37;0;0;19;0;8;0;30;11;19;45;37;8;75;48;27;0,3667;NA;0,8222;NA;0,3667;0,8222;0,64
2021-03-11;"LESTE";615;484;37;28;714;617;27;17;131;9;97;10;652;512;140;741;634;107;1393;1146;247;0,787;0,7568;0,8641;0,6296;0,7853;0,8556;0,8227
2021-03-11;"NORDESTE";6;6;4;0;8;8;0;0;0;4;0;0;10;6;4;8;8;0;18;14;4;1;0;1;NA;0,6;1;0,7778
2021-03-11;"NORTE";75;16;0;0;66;58;0;0;59;0;8;0;75;16;59;66;58;8;141;74;67;0,2133;NA;0,8788;NA;0,2133;0,8788;0,5248
2021-03-11;"OESTE";74;39;0;0;50;40;0;0;35;0;10;0;74;39;35;50;40;10;124;79;45;0,527;NA;0,8;NA;0,527;0,8;0,6371
2021-03-11;"SUDOESTE";86;63;0;0;70;68;1;1;23;0;2;0;86;63;23;71;69;2;157;132;25;0,7326;NA;0,9714;1;0,7326;0,9718;0,8408
2021-03-11;"SUL";163;115;10;4;135;122;3;3;48;6;13;0;173;119;54;138;125;13;311;244;67;0,7055;0,4;0,9037;1;0,6879;0,9058;0,7846
2021-03-12;"CENTRO-LESTE";110;80;0;0;113;111;5;5;30;0;2;0;110;80;30;118;116;2;228;196;32;0,7273;NA;0,9823;1;0,7273;0,9831;0,8596
2021-03-12;"CENTRO-NORTE";40;13;0;0;20;19;0;0;27;0;1;0;40;13;27;20;19;1;60;32;28;0,325;NA;0,95;NA;0,325;0,95;0,5333
2021-03-12;"EXTREMO-SUL";30;10;0;0;45;38;0;0;20;0;7;0;30;10;20;45;38;7;75;48;27;0,3333;NA;0,8444;NA;0,3333;0,8444;0,64
2021-03-12;"LESTE";655;478;37;32;724;616;27;18;177;5;108;9;692;510;182;751;634;117;1443;1144;299;0,7298;0,8649;0,8508;0,6667;0,737;0,8442;0,7928
2021-03-12;"NORDESTE";6;6;4;0;8;8;0;0;0;4;0;0;10;6;4;8;8;0;18;14;4;1;0;1;NA;0,6;1;0,7778
2021-03-12;"NORTE";75;15;0;0;66;59;0;0;60;0;7;0;75;15;60;66;59;7;141;74;67;0,2;NA;0,8939;NA;0,2;0,8939;0,5248
2021-03-12;"OESTE";74;40;0;0;50;41;0;0;34;0;9;0;74;40;34;50;41;9;124;81;43;0,5405;NA;0,82;NA;0,5405;0,82;0,6532
2021-03-12;"SUDOESTE";86;51;0;0;70;63;1;1;35;0;7;0;86;51;35;71;64;7;157;115;42;0,593;NA;0,9;1;0,593;0,9014;0,7325
2021-03-12;"SUL";168;112;10;3;135;120;3;3;56;7;15;0;178;115;63;138;123;15;316;238;78;0,6667;0,3;0,8889;1;0,6461;0,8913;0,7532
2021-03-13;"CENTRO-LESTE";110;91;0;0;113;109;5;5;19;0;4;0;110;91;19;118;114;4;228;205;23;0,8273;NA;0,9646;1;0,8273;0,9661;0,8991
2021-03-13;"CENTRO-NORTE";40;13;0;0;20;17;0;0;27;0;3;0;40;13;27;20;17;3;60;30;30;0,325;NA;0,85;NA;0,325;0,85;0,5
2021-03-13;"EXTREMO-SUL";30;15;0;0;45;36;0;0;15;0;9;0;30;15;15;45;36;9;75;51;24;0,5;NA;0,8;NA;0,5;0,8;0,68
2021-03-13;"LESTE";695;495;37;29;724;630;27;18;200;8;94;9;732;524;208;751;648;103;1483;1172;311;0,7122;0,7838;0,8702;0,6667;0,7158;0,8628;0,7903
2021-03-13;"NORDESTE";6;6;4;0;8;7;0;0;0;4;1;0;10;6;4;8;7;1;18;13;5;1;0;0,875;NA;0,6;0,875;0,7222
2021-03-13;"NORTE";75;14;0;0;70;61;0;0;61;0;9;0;75;14;61;70;61;9;145;75;70;0,1867;NA;0,8714;NA;0,1867;0,8714;0,5172
2021-03-13;"OESTE";74;46;0;0;50;46;0;0;28;0;4;0;74;46;28;50;46;4;124;92;32;0,6216;NA;0,92;NA;0,6216;0,92;0,7419
2021-03-13;"SUDOESTE";86;58;0;0;70;63;1;1;28;0;7;0;86;58;28;71;64;7;157;122;35;0,6744;NA;0,9;1;0,6744;0,9014;0,7771
2021-03-13;"SUL";168;116;10;8;135;116;3;2;52;2;19;1;178;124;54;138;118;20;316;242;74;0,6905;0,8;0,8593;0,6667;0,6966;0,8551;0,7658
2021-03-14;"CENTRO-LESTE";120;93;0;0;113;107;5;5;27;0;6;0;120;93;27;118;112;6;238;205;33;0,775;NA;0,9469;1;0,775;0,9492;0,8613
2021-03-14;"CENTRO-NORTE";40;7;0;0;20;20;0;0;33;0;0;0;40;7;33;20;20;0;60;27;33;0,175;NA;1;NA;0,175;1;0,45
2021-03-14;"EXTREMO-SUL";30;15;0;0;45;38;0;0;15;0;7;0;30;15;15;45;38;7;75;53;22;0,5;NA;0,8444;NA;0,5;0,8444;0,7067
2021-03-14;"LESTE";711;526;37;26;734;649;27;17;185;11;85;10;748;552;196;761;666;95;1509;1218;291;0,7398;0,7027;0,8842;0,6296;0,738;0,8752;0,8072
2021-03-14;"NORDESTE";6;6;4;0;8;8;0;0;0;4;0;0;10;6;4;8;8;0;18;14;4;1;0;1;NA;0,6;1;0,7778
2021-03-14;"NORTE";75;18;0;0;70;63;0;0;57;0;7;0;75;18;57;70;63;7;145;81;64;0,24;NA;0,9;NA;0,24;0,9;0,5586
2021-03-14;"OESTE";74;48;0;0;50;48;0;0;26;0;2;0;74;48;26;50;48;2;124;96;28;0,6486;NA;0,96;NA;0,6486;0,96;0,7742
2021-03-14;"SUDOESTE";96;64;0;0;70;62;1;1;32;0;8;0;96;64;32;71;63;8;167;127;40;0,6667;NA;0,8857;1;0,6667;0,8873;0,7605
2021-03-14;"SUL";168;126;10;6;135;116;3;3;42;4;19;0;178;132;46;138;119;19;316;251;65;0,75;0,6;0,8593;1;0,7416;0,8623;0,7943
2021-03-15;"CENTRO-LESTE";120;90;0;0;123;113;5;4;30;0;10;1;120;90;30;128;117;11;248;207;41;0,75;NA;0,9187;0,8;0,75;0,9141;0,8347
2021-03-15;"CENTRO-NORTE";40;10;0;0;20;16;0;0;30;0;4;0;40;10;30;20;16;4;60;26;34;0,25;NA;0,8;NA;0,25;0,8;0,4333
2021-03-15;"EXTREMO-SUL";30;15;0;0;55;38;0;0;15;0;17;0;30;15;15;55;38;17;85;53;32;0,5;NA;0,6909;NA;0,5;0,6909;0,6235
2021-03-15;"LESTE";729;521;37;26;751;649;27;17;208;11;102;10;766;547;219;778;666;112;1544;1213;331;0,7147;0,7027;0,8642;0,6296;0,7141;0,856;0,7856
2021-03-15;"NORDESTE";6;6;4;0;8;8;0;0;0;4;0;0;10;6;4;8;8;0;18;14;4;1;0;1;NA;0,6;1;0,7778
2021-03-15;"NORTE";75;16;0;0;70;60;0;0;59;0;10;0;75;16;59;70;60;10;145;76;69;0,2133;NA;0,8571;NA;0,2133;0,8571;0,5241
2021-03-15;"OESTE";74;44;0;0;50;46;0;0;30;0;4;0;74;44;30;50;46;4;124;90;34;0,5946;NA;0,92;NA;0,5946;0,92;0,7258
2021-03-15;"SUDOESTE";96;62;0;0;84;68;1;1;34;0;16;0;96;62;34;85;69;16;181;131;50;0,6458;NA;0,8095;1;0,6458;0,8118;0,7238
2021-03-15;"SUL";168;115;10;6;135;115;3;3;53;4;20;0;178;121;57;138;118;20;316;239;77;0,6845;0,6;0,8519;1;0,6798;0,8551;0,7563
2021-03-16;"CENTRO-LESTE";127;93;16;0;123;104;5;3;34;16;19;2;143;93;50;128;107;21;271;200;71;0,7323;0;0,8455;0,6;0,6503;0,8359;0,738
2021-03-16;"CENTRO-NORTE";40;12;0;0;20;17;0;0;28;0;3;0;40;12;28;20;17;3;60;29;31;0,3;NA;0,85;NA;0,3;0,85;0,4833
2021-03-16;"EXTREMO-SUL";30;17;0;0;55;42;0;0;13;0;13;0;30;17;13;55;42;13;85;59;26;0,5667;NA;0,7636;NA;0,5667;0,7636;0,6941
2021-03-16;"LESTE";745;547;37;28;751;646;27;16;198;9;105;11;782;575;207;778;662;116;1560;1237;323;0,7342;0,7568;0,8602;0,5926;0,7353;0,8509;0,7929
2021-03-16;"NORDESTE";9;9;4;0;8;8;0;0;0;4;0;0;13;9;4;8;8;0;21;17;4;1;0;1;NA;0,6923;1;0,8095
2021-03-16;"NORTE";75;16;0;0;70;62;0;0;59;0;8;0;75;16;59;70;62;8;145;78;67;0,2133;NA;0,8857;NA;0,2133;0,8857;0,5379
2021-03-16;"OESTE";74;41;0;0;50;47;0;0;33;0;3;0;74;41;33;50;47;3;124;88;36;0,5541;NA;0,94;NA;0,5541;0,94;0,7097
2021-03-16;"SUDOESTE";106;68;0;0;84;69;1;1;38;0;15;0;106;68;38;85;70;15;191;138;53;0,6415;NA;0,8214;1;0,6415;0,8235;0,7225
2021-03-16;"SUL";168;120;10;3;135;125;3;3;48;7;10;0;178;123;55;138;128;10;316;251;65;0,7143;0,3;0,9259;1;0,691;0,9275;0,7943
2021-03-17;"CENTRO-LESTE";127;90;16;13;123;102;5;3;37;3;21;2;143;103;40;128;105;23;271;208;63;0,7087;0,8125;0,8293;0,6;0,7203;0,8203;0,7675
2021-03-17;"CENTRO-NORTE";40;10;0;0;30;17;0;0;30;0;13;0;40;10;30;30;17;13;70;27;43;0,25;NA;0,5667;NA;0,25;0,5667;0,3857
2021-03-17;"EXTREMO-SUL";30;15;0;0;55;41;0;0;15;0;14;0;30;15;15;55;41;14;85;56;29;0,5;NA;0,7455;NA;0,5;0,7455;0,6588
2021-03-17;"LESTE";765;552;37;23;761;663;27;17;213;14;98;10;802;575;227;788;680;108;1590;1255;335;0,7216;0,6216;0,8712;0,6296;0,717;0,8629;0,7893
2021-03-17;"NORDESTE";9;9;4;0;8;7;0;0;0;4;1;0;13;9;4;8;7;1;21;16;5;1;0;0,875;NA;0,6923;0,875;0,7619
2021-03-17;"NORTE";75;15;0;0;70;59;0;0;60;0;11;0;75;15;60;70;59;11;145;74;71;0,2;NA;0,8429;NA;0,2;0,8429;0,5103
2021-03-17;"OESTE";74;38;0;0;50;44;0;0;36;0;6;0;74;38;36;50;44;6;124;82;42;0,5135;NA;0,88;NA;0,5135;0,88;0,6613
2021-03-17;"SUDOESTE";106;62;0;0;84;77;1;0;44;0;7;1;106;62;44;85;77;8;191;139;52;0,5849;NA;0,9167;0;0,5849;0,9059;0,7277
2021-03-17;"SUL";168;114;10;4;135;124;3;3;54;6;11;0;178;118;60;138;127;11;316;245;71;0,6786;0,4;0,9185;1;0,6629;0,9203;0,7753
2021-03-18;"CENTRO-LESTE";127;92;16;15;123;110;5;2;35;1;13;3;143;107;36;128;112;16;271;219;52;0,7244;0,9375;0,8943;0,4;0,7483;0,875;0,8081
2021-03-18;"CENTRO-NORTE";40;12;0;0;30;17;0;0;28;0;13;0;40;12;28;30;17;13;70;29;41;0,3;NA;0,5667;NA;0,3;0,5667;0,4143
2021-03-18;"EXTREMO-SUL";30;18;0;0;55;44;0;0;12;0;11;0;30;18;12;55;44;11;85;62;23;0,6;NA;0,8;NA;0,6;0,8;0,7294
2021-03-18;"LESTE";785;599;37;27;771;668;27;16;186;10;103;11;822;626;196;798;684;114;1620;1310;310;0,7631;0,7297;0,8664;0,5926;0,7616;0,8571;0,8086
2021-03-18;"NORDESTE";9;7;4;0;8;8;0;0;2;4;0;0;13;7;6;8;8;0;21;15;6;0,7778;0;1;NA;0,5385;1;0,7143
2021-03-18;"NORTE";75;16;0;0;70;61;0;0;59;0;9;0;75;16;59;70;61;9;145;77;68;0,2133;NA;0,8714;NA;0,2133;0,8714;0,531
2021-03-18;"OESTE";74;38;0;0;50;49;0;0;36;0;1;0;74;38;36;50;49;1;124;87;37;0,5135;NA;0,98;NA;0,5135;0,98;0,7016
2021-03-18;"SUDOESTE";106;61;0;0;84;76;1;0;45;0;8;1;106;61;45;85;76;9;191;137;54;0,5755;NA;0,9048;0;0,5755;0,8941;0,7173
2021-03-18;"SUL";176;110;10;4;145;128;3;3;66;6;17;0;186;114;72;148;131;17;334;245;89;0,625;0,4;0,8828;1;0,6129;0,8851;0,7335
2021-03-19;"CENTRO-LESTE";127;95;16;13;123;109;5;3;32;3;14;2;143;108;35;128;112;16;271;220;51;0,748;0,8125;0,8862;0,6;0,7552;0,875;0,8118
2021-03-19;"CENTRO-NORTE";40;11;0;0;30;14;0;0;29;0;16;0;40;11;29;30;14;16;70;25;45;0,275;NA;0,4667;NA;0,275;0,4667;0,3571
2021-03-19;"EXTREMO-SUL";30;18;0;0;55;43;0;0;12;0;12;0;30;18;12;55;43;12;85;61;24;0,6;NA;0,7818;NA;0,6;0,7818;0,7176
2021-03-19;"LESTE";785;578;37;22;771;656;27;18;207;15;115;9;822;600;222;798;674;124;1620;1274;346;0,7363;0,5946;0,8508;0,6667;0,7299;0,8446;0,7864
2021-03-19;"NORDESTE";9;8;4;0;8;5;0;0;1;4;3;0;13;8;5;8;5;3;21;13;8;0,8889;0;0,625;NA;0,6154;0,625;0,619
2021-03-19;"NORTE";75;18;0;0;70;60;0;0;57;0;10;0;75;18;57;70;60;10;145;78;67;0,24;NA;0,8571;NA;0,24;0,8571;0,5379
2021-03-19;"OESTE";74;42;0;0;50;49;0;0;32;0;1;0;74;42;32;50;49;1;124;91;33;0,5676;NA;0,98;NA;0,5676;0,98;0,7339
2021-03-19;"SUDOESTE";106;67;0;0;84;78;1;0;39;0;6;1;106;67;39;85;78;7;191;145;46;0,6321;NA;0,9286;0;0,6321;0,9176;0,7592
2021-03-19;"SUL";176;112;10;4;145;126;3;3;64;6;19;0;186;116;70;148;129;19;334;245;89;0,6364;0,4;0,869;1;0,6237;0,8716;0,7335
2021-03-20;"CENTRO-LESTE";127;94;16;13;123;110;5;3;33;3;13;2;143;107;36;128;113;15;271;220;51;0,7402;0,8125;0,8943;0,6;0,7483;0,8828;0,8118
2021-03-20;"CENTRO-NORTE";40;9;0;0;30;20;0;0;31;0;10;0;40;9;31;30;20;10;70;29;41;0,225;NA;0,6667;NA;0,225;0,6667;0,4143
2021-03-20;"EXTREMO-SUL";30;17;0;0;55;44;0;0;13;0;11;0;30;17;13;55;44;11;85;61;24;0,5667;NA;0,8;NA;0,5667;0,8;0,7176
2021-03-20;"LESTE";805;614;37;25;791;669;27;18;191;12;122;9;842;639;203;818;687;131;1660;1326;334;0,7627;0,6757;0,8458;0,6667;0,7589;0,8399;0,7988
2021-03-20;"NORDESTE";9;9;4;0;8;3;0;0;0;4;5;0;13;9;4;8;3;5;21;12;9;1;0;0,375;NA;0,6923;0,375;0,5714
2021-03-20;"NORTE";75;15;0;0;70;56;0;0;60;0;14;0;75;15;60;70;56;14;145;71;74;0,2;NA;0,8;NA;0,2;0,8;0,4897
2021-03-20;"OESTE";70;47;0;0;54;49;0;0;23;0;5;0;70;47;23;54;49;5;124;96;28;0,6714;NA;0,9074;NA;0,6714;0,9074;0,7742
2021-03-20;"SUDOESTE";106;64;0;0;84;82;1;1;42;0;2;0;106;64;42;85;83;2;191;147;44;0,6038;NA;0,9762;1;0,6038;0,9765;0,7696
2021-03-20;"SUL";176;107;10;3;145;129;3;3;69;7;16;0;186;110;76;148;132;16;334;242;92;0,608;0,3;0,8897;1;0,5914;0,8919;0,7246
2021-03-21;"CENTRO-LESTE";127;99;16;13;123;105;5;3;28;3;18;2;143;112;31;128;108;20;271;220;51;0,7795;0,8125;0,8537;0,6;0,7832;0,8438;0,8118
2021-03-21;"CENTRO-NORTE";40;9;0;0;30;20;0;0;31;0;10;0;40;9;31;30;20;10;70;29;41;0,225;NA;0,6667;NA;0,225;0,6667;0,4143
2021-03-21;"EXTREMO-SUL";30;19;0;0;55;43;0;0;11;0;12;0;30;19;11;55;43;12;85;62;23;0,6333;NA;0,7818;NA;0,6333;0,7818;0,7294
2021-03-21;"LESTE";805;613;37;26;791;692;27;18;192;11;99;9;842;639;203;818;710;108;1660;1349;311;0,7615;0,7027;0,8748;0,6667;0,7589;0,868;0,8127
2021-03-21;"NORDESTE";9;9;4;0;8;3;0;0;0;4;5;0;13;9;4;8;3;5;21;12;9;1;0;0,375;NA;0,6923;0,375;0,5714
2021-03-21;"NORTE";75;13;0;0;70;50;0;0;62;0;20;0;75;13;62;70;50;20;145;63;82;0,1733;NA;0,7143;NA;0,1733;0,7143;0,4345
2021-03-21;"OESTE";70;45;0;0;54;50;0;0;25;0;4;0;70;45;25;54;50;4;124;95;29;0,6429;NA;0,9259;NA;0,6429;0,9259;0,7661
2021-03-21;"SUDOESTE";106;61;0;0;84;79;1;1;45;0;5;0;106;61;45;85;80;5;191;141;50;0,5755;NA;0,9405;1;0,5755;0,9412;0,7382
2021-03-21;"SUL";176;103;10;2;145;132;3;3;73;8;13;0;186;105;81;148;135;13;334;240;94;0,5852;0,2;0,9103;1;0,5645;0,9122;0,7186
2021-03-22;"CENTRO-LESTE";127;96;16;13;123;105;5;4;31;3;18;1;143;109;34;128;109;19;271;218;53;0,7559;0,8125;0,8537;0,8;0,7622;0,8516;0,8044
2021-03-22;"CENTRO-NORTE";40;7;0;0;30;19;0;0;33;0;11;0;40;7;33;30;19;11;70;26;44;0,175;NA;0,6333;NA;0,175;0,6333;0,3714
2021-03-22;"EXTREMO-SUL";30;11;0;0;55;46;0;0;19;0;9;0;30;11;19;55;46;9;85;57;28;0,3667;NA;0,8364;NA;0,3667;0,8364;0,6706
2021-03-22;"LESTE";835;642;37;31;821;701;27;16;193;6;120;11;872;673;199;848;717;131;1720;1390;330;0,7689;0,8378;0,8538;0,5926;0,7718;0,8455;0,8081
2021-03-22;"NORDESTE";9;9;4;0;8;8;0;0;0;4;0;0;13;9;4;8;8;0;21;17;4;1;0;1;NA;0,6923;1;0,8095
2021-03-22;"NORTE";75;16;0;0;70;59;0;0;59;0;11;0;75;16;59;70;59;11;145;75;70;0,2133;NA;0,8429;NA;0,2133;0,8429;0,5172
2021-03-22;"OESTE";70;47;0;0;54;51;0;0;23;0;3;0;70;47;23;54;51;3;124;98;26;0,6714;NA;0,9444;NA;0,6714;0,9444;0,7903
2021-03-22;"SUDOESTE";106;65;0;0;84;78;1;1;41;0;6;0;106;65;41;85;79;6;191;144;47;0,6132;NA;0,9286;1;0,6132;0,9294;0,7539
2021-03-22;"SUL";176;104;10;4;145;136;3;1;72;6;9;2;186;108;78;148;137;11;334;245;89;0,5909;0,4;0,9379;0,3333;0,5806;0,9257;0,7335
2021-03-23;"CENTRO-LESTE";127;97;16;12;123;109;5;4;30;4;14;1;143;109;34;128;113;15;271;222;49;0,7638;0,75;0,8862;0,8;0,7622;0,8828;0,8192
2021-03-23;"CENTRO-NORTE";40;7;0;0;30;19;0;0;33;0;11;0;40;7;33;30;19;11;70;26;44;0,175;NA;0,6333;NA;0,175;0,6333;0,3714
2021-03-23;"EXTREMO-SUL";30;12;0;0;55;46;0;0;18;0;9;0;30;12;18;55;46;9;85;58;27;0,4;NA;0,8364;NA;0,4;0,8364;0,6824
2021-03-23;"LESTE";835;632;37;28;841;695;27;16;203;9;146;11;872;660;212;868;711;157;1740;1371;369;0,7569;0,7568;0,8264;0,5926;0,7569;0,8191;0,7879
2021-03-23;"NORDESTE";9;9;4;0;8;7;0;0;0;4;1;0;13;9;4;8;7;1;21;16;5;1;0;0,875;NA;0,6923;0,875;0,7619
2021-03-23;"NORTE";75;16;0;0;70;59;0;0;59;0;11;0;75;16;59;70;59;11;145;75;70;0,2133;NA;0,8429;NA;0,2133;0,8429;0,5172
2021-03-23;"OESTE";69;47;0;0;60;52;0;0;22;0;8;0;69;47;22;60;52;8;129;99;30;0,6812;NA;0,8667;NA;0,6812;0,8667;0,7674
2021-03-23;"SUDOESTE";106;68;0;0;90;84;1;1;38;0;6;0;106;68;38;91;85;6;197;153;44;0,6415;NA;0,9333;1;0,6415;0,9341;0,7766
2021-03-23;"SUL";176;108;10;3;145;133;3;0;68;7;12;3;186;111;75;148;133;15;334;244;90;0,6136;0,3;0,9172;0;0,5968;0,8986;0,7305
2021-03-24;"CENTRO-LESTE";127;98;16;11;123;110;5;3;29;5;13;2;143;109;34;128;113;15;271;222;49;0,7717;0,6875;0,8943;0,6;0,7622;0,8828;0,8192
2021-03-24;"CENTRO-NORTE";40;11;0;0;30;26;0;0;29;0;4;0;40;11;29;30;26;4;70;37;33;0,275;NA;0,8667;NA;0,275;0,8667;0,5286
2021-03-24;"EXTREMO-SUL";30;13;0;0;55;47;0;0;17;0;8;0;30;13;17;55;47;8;85;60;25;0,4333;NA;0,8545;NA;0,4333;0,8545;0,7059
2021-03-24;"LESTE";835;645;37;27;841;706;27;15;190;10;135;12;872;672;200;868;721;147;1740;1393;347;0,7725;0,7297;0,8395;0,5556;0,7706;0,8306;0,8006
2021-03-24;"NORDESTE";9;8;4;0;8;7;0;0;1;4;1;0;13;8;5;8;7;1;21;15;6;0,8889;0;0,875;NA;0,6154;0,875;0,7143
2021-03-24;"NORTE";75;19;0;0;70;55;0;0;56;0;15;0;75;19;56;70;55;15;145;74;71;0,2533;NA;0,7857;NA;0,2533;0,7857;0,5103
2021-03-24;"OESTE";62;42;0;0;60;57;0;0;20;0;3;0;62;42;20;60;57;3;122;99;23;0,6774;NA;0,95;NA;0,6774;0,95;0,8115
2021-03-24;"SUDOESTE";106;76;0;0;90;84;1;1;30;0;6;0;106;76;30;91;85;6;197;161;36;0,717;NA;0,9333;1;0,717;0,9341;0,8173
2021-03-24;"SUL";176;108;10;4;145;132;3;3;68;6;13;0;186;112;74;148;135;13;334;247;87;0,6136;0,4;0,9103;1;0,6022;0,9122;0,7395
2021-03-25;"CENTRO-LESTE";127;94;16;7;123;110;5;2;33;9;13;3;143;101;42;128;112;16;271;213;58;0,7402;0,4375;0,8943;0,4;0,7063;0,875;0,786
2021-03-25;"CENTRO-NORTE";40;10;0;0;30;25;0;0;30;0;5;0;40;10;30;30;25;5;70;35;35;0,25;NA;0,8333;NA;0,25;0,8333;0,5
2021-03-25;"EXTREMO-SUL";30;14;0;0;55;48;0;0;16;0;7;0;30;14;16;55;48;7;85;62;23;0,4667;NA;0,8727;NA;0,4667;0,8727;0,7294
2021-03-25;"LESTE";835;623;37;22;841;724;27;15;212;15;117;12;872;645;227;868;739;129;1740;1384;356;0,7461;0,5946;0,8609;0,5556;0,7397;0,8514;0,7954
2021-03-25;"NORDESTE";9;9;4;0;8;8;0;0;0;4;0;0;13;9;4;8;8;0;21;17;4;1;0;1;NA;0,6923;1;0,8095
2021-03-25;"NORTE";75;19;0;0;70;61;0;0;56;0;9;0;75;19;56;70;61;9;145;80;65;0,2533;NA;0,8714;NA;0,2533;0,8714;0,5517
2021-03-25;"OESTE";62;49;0;0;60;54;0;0;13;0;6;0;62;49;13;60;54;6;122;103;19;0,7903;NA;0,9;NA;0,7903;0,9;0,8443
2021-03-25;"SUDOESTE";106;82;0;0;90;80;1;1;24;0;10;0;106;82;24;91;81;10;197;163;34;0,7736;NA;0,8889;1;0,7736;0,8901;0,8274
2021-03-25;"SUL";181;93;10;3;145;132;3;3;88;7;13;0;191;96;95;148;135;13;339;231;108;0,5138;0,3;0,9103;1;0,5026;0,9122;0,6814
2021-03-26;"CENTRO-LESTE";127;94;16;5;123;107;5;4;33;11;16;1;143;99;44;128;111;17;271;210;61;0,7402;0,3125;0,8699;0,8;0,6923;0,8672;0,7749
2021-03-26;"CENTRO-NORTE";40;9;0;0;30;27;0;0;31;0;3;0;40;9;31;30;27;3;70;36;34;0,225;NA;0,9;NA;0,225;0,9;0,5143
2021-03-26;"EXTREMO-SUL";30;16;0;0;55;45;0;0;14;0;10;0;30;16;14;55;45;10;85;61;24;0,5333;NA;0,8182;NA;0,5333;0,8182;0,7176
2021-03-26;"LESTE";865;652;37;20;841;703;27;13;213;17;138;14;902;672;230;868;716;152;1770;1388;382;0,7538;0,5405;0,8359;0,4815;0,745;0,8249;0,7842
2021-03-26;"NORDESTE";9;9;4;0;8;8;0;0;0;4;0;0;13;9;4;8;8;0;21;17;4;1;0;1;NA;0,6923;1;0,8095
2021-03-26;"NORTE";75;19;0;0;70;60;0;0;56;0;10;0;75;19;56;70;60;10;145;79;66;0,2533;NA;0,8571;NA;0,2533;0,8571;0,5448
2021-03-26;"OESTE";62;48;0;0;60;55;0;0;14;0;5;0;62;48;14;60;55;5;122;103;19;0,7742;NA;0,9167;NA;0,7742;0,9167;0,8443
2021-03-26;"SUDOESTE";106;75;0;0;90;87;1;1;31;0;3;0;106;75;31;91;88;3;197;163;34;0,7075;NA;0,9667;1;0,7075;0,967;0,8274
2021-03-26;"SUL";191;97;10;3;146;136;3;3;94;7;10;0;201;100;101;149;139;10;350;239;111;0,5079;0,3;0,9315;1;0,4975;0,9329;0,6829
2021-03-27;"CENTRO-LESTE";127;89;16;6;123;110;5;4;38;10;13;1;143;95;48;128;114;14;271;209;62;0,7008;0,375;0,8943;0,8;0,6643;0,8906;0,7712
2021-03-27;"CENTRO-NORTE";40;10;0;0;30;22;0;0;30;0;8;0;40;10;30;30;22;8;70;32;38;0,25;NA;0,7333;NA;0,25;0,7333;0,4571
2021-03-27;"EXTREMO-SUL";30;14;0;0;55;47;0;0;16;0;8;0;30;14;16;55;47;8;85;61;24;0,4667;NA;0,8545;NA;0,4667;0,8545;0,7176
2021-03-27;"LESTE";865;638;37;23;861;700;27;14;227;14;161;13;902;661;241;888;714;174;1790;1375;415;0,7376;0,6216;0,813;0,5185;0,7328;0,8041;0,7682
2021-03-27;"NORDESTE";9;9;4;0;8;8;0;0;0;4;0;0;13;9;4;8;8;0;21;17;4;1;0;1;NA;0,6923;1;0,8095
2021-03-27;"NORTE";75;14;0;0;70;56;0;0;61;0;14;0;75;14;61;70;56;14;145;70;75;0,1867;NA;0,8;NA;0,1867;0,8;0,4828
2021-03-27;"OESTE";62;48;0;0;60;57;0;0;14;0;3;0;62;48;14;60;57;3;122;105;17;0,7742;NA;0,95;NA;0,7742;0,95;0,8607
2021-03-27;"SUDOESTE";106;71;0;0;90;86;1;1;35;0;4;0;106;71;35;91;87;4;197;158;39;0,6698;NA;0,9556;1;0,6698;0,956;0,802
2021-03-27;"SUL";191;97;10;3;146;136;3;1;94;7;10;2;201;100;101;149;137;12;350;237;113;0,5079;0,3;0,9315;0,3333;0,4975;0,9195;0,6771
2021-03-28;"CENTRO-LESTE";127;88;16;10;123;115;5;5;39;6;8;0;143;98;45;128;120;8;271;218;53;0,6929;0,625;0,935;1;0,6853;0,9375;0,8044
2021-03-28;"CENTRO-NORTE";40;11;0;0;30;23;0;0;29;0;7;0;40;11;29;30;23;7;70;34;36;0,275;NA;0,7667;NA;0,275;0,7667;0,4857
2021-03-28;"EXTREMO-SUL";30;16;0;0;55;47;0;0;14;0;8;0;30;16;14;55;47;8;85;63;22;0,5333;NA;0,8545;NA;0,5333;0,8545;0,7412
2021-03-28;"LESTE";865;644;37;26;861;723;27;17;221;11;138;10;902;670;232;888;740;148;1790;1410;380;0,7445;0,7027;0,8397;0,6296;0,7428;0,8333;0,7877
2021-03-28;"NORDESTE";9;9;4;0;8;8;0;0;0;4;0;0;13;9;4;8;8;0;21;17;4;1;0;1;NA;0,6923;1;0,8095
2021-03-28;"NORTE";75;18;0;0;70;57;0;0;57;0;13;0;75;18;57;70;57;13;145;75;70;0,24;NA;0,8143;NA;0,24;0,8143;0,5172
2021-03-28;"OESTE";72;53;0;0;60;58;0;0;19;0;2;0;72;53;19;60;58;2;132;111;21;0,7361;NA;0,9667;NA;0,7361;0,9667;0,8409
2021-03-28;"SUDOESTE";106;72;0;0;90;86;1;1;34;0;4;0;106;72;34;91;87;4;197;159;38;0,6792;NA;0,9556;1;0,6792;0,956;0,8071
2021-03-28;"SUL";191;94;10;3;146;137;3;1;97;7;9;2;201;97;104;149;138;11;350;235;115;0,4921;0,3;0,9384;0,3333;0,4826;0,9262;0,6714
2021-03-29;"CENTRO-LESTE";127;86;16;13;123;116;5;3;41;3;7;2;143;99;44;128;119;9;271;218;53;0,6772;0,8125;0,9431;0,6;0,6923;0,9297;0,8044
2021-03-29;"CENTRO-NORTE";40;9;0;0;30;26;0;0;31;0;4;0;40;9;31;30;26;4;70;35;35;0,225;NA;0,8667;NA;0,225;0,8667;0,5
2021-03-29;"EXTREMO-SUL";30;16;0;0;55;49;0;0;14;0;6;0;30;16;14;55;49;6;85;65;20;0,5333;NA;0,8909;NA;0,5333;0,8909;0,7647
2021-03-29;"LESTE";895;629;37;23;861;717;27;16;266;14;144;11;932;652;280;888;733;155;1820;1385;435;0,7028;0,6216;0,8328;0,5926;0,6996;0,8255;0,761
2021-03-29;"NORDESTE";9;9;4;0;8;6;0;0;0;4;2;0;13;9;4;8;6;2;21;15;6;1;0;0,75;NA;0,6923;0,75;0,7143
2021-03-29;"NORTE";75;21;0;0;70;58;0;0;54;0;12;0;75;21;54;70;58;12;145;79;66;0,28;NA;0,8286;NA;0,28;0,8286;0,5448
2021-03-29;"OESTE";72;50;0;0;60;57;0;0;22;0;3;0;72;50;22;60;57;3;132;107;25;0,6944;NA;0,95;NA;0,6944;0,95;0,8106
2021-03-29;"SUDOESTE";106;79;0;0;90;83;1;1;27;0;7;0;106;79;27;91;84;7;197;163;34;0,7453;NA;0,9222;1;0,7453;0,9231;0,8274
2021-03-29;"SUL";211;83;10;2;166;106;3;2;128;8;60;1;221;85;136;169;108;61;390;193;197;0,3934;0,2;0,6386;0,6667;0,3846;0,6391;0,4949
2021-03-30;"CENTRO-LESTE";127;85;16;15;123;112;5;4;42;1;11;1;143;100;43;128;116;12;271;216;55;0,6693;0,9375;0,9106;0,8;0,6993;0,9062;0,797
2021-03-30;"CENTRO-NORTE";40;10;0;0;30;26;0;0;30;0;4;0;40;10;30;30;26;4;70;36;34;0,25;NA;0,8667;NA;0,25;0,8667;0,5143
2021-03-30;"EXTREMO-SUL";30;15;0;0;55;49;0;0;15;0;6;0;30;15;15;55;49;6;85;64;21;0,5;NA;0,8909;NA;0,5;0,8909;0,7529
2021-03-30;"LESTE";885;648;37;31;871;705;27;12;237;6;166;15;922;679;243;898;717;181;1820;1396;424;0,7322;0,8378;0,8094;0,4444;0,7364;0,7984;0,767
2021-03-30;"NORDESTE";9;9;4;0;8;5;0;0;0;4;3;0;13;9;4;8;5;3;21;14;7;1;0;0,625;NA;0,6923;0,625;0,6667
2021-03-30;"NORTE";75;22;0;0;70;63;0;0;53;0;7;0;75;22;53;70;63;7;145;85;60;0,2933;NA;0,9;NA;0,2933;0,9;0,5862
2021-03-30;"OESTE";72;53;0;0;60;59;0;0;19;0;1;0;72;53;19;60;59;1;132;112;20;0,7361;NA;0,9833;NA;0,7361;0,9833;0,8485
2021-03-30;"SUDOESTE";106;73;0;0;90;84;1;1;33;0;6;0;106;73;33;91;85;6;197;158;39;0,6887;NA;0,9333;1;0,6887;0,9341;0,802
2021-03-30;"SUL";211;125;10;3;166;137;3;2;86;7;29;1;221;128;93;169;139;30;390;267;123;0,5924;0,3;0,8253;0,6667;0,5792;0,8225;0,6846
2021-03-31;"CENTRO-LESTE";127;84;16;15;123;118;5;4;43;1;5;1;143;99;44;128;122;6;271;221;50;0,6614;0,9375;0,9593;0,8;0,6923;0,9531;0,8155
2021-03-31;"CENTRO-NORTE";40;10;0;0;30;29;0;0;30;0;1;0;40;10;30;30;29;1;70;39;31;0,25;NA;0,9667;NA;0,25;0,9667;0,5571
2021-03-31;"EXTREMO-SUL";30;18;0;0;55;50;0;0;12;0;5;0;30;18;12;55;50;5;85;68;17;0,6;NA;0,9091;NA;0,6;0,9091;0,8
2021-03-31;"LESTE";945;662;37;30;881;722;27;12;283;7;159;15;982;692;290;908;734;174;1890;1426;464;0,7005;0,8108;0,8195;0,4444;0,7047;0,8084;0,7545
2021-03-31;"NORDESTE";9;9;4;0;8;5;0;0;0;4;3;0;13;9;4;8;5;3;21;14;7;1;0;0,625;NA;0,6923;0,625;0,6667
2021-03-31;"NORTE";75;25;0;0;70;65;0;0;50;0;5;0;75;25;50;70;65;5;145;90;55;0,3333;NA;0,9286;NA;0,3333;0,9286;0,6207
2021-03-31;"OESTE";72;50;0;0;60;60;0;0;22;0;0;0;72;50;22;60;60;0;132;110;22;0,6944;NA;1;NA;0,6944;1;0,8333
2021-03-31;"SUDOESTE";106;67;0;0;90;79;1;1;39;0;11;0;106;67;39;91;80;11;197;147;50;0,6321;NA;0,8778;1;0,6321;0,8791;0,7462
2021-03-31;"SUL";211;121;10;1;166;133;3;2;90;9;33;1;221;122;99;169;135;34;390;257;133;0,5735;0,1;0,8012;0,6667;0,552;0,7988;0,659
2021-04-01;"CENTRO-LESTE";127;85;16;13;123;109;5;1;42;3;14;4;143;98;45;128;110;18;271;208;63;0,6693;0,8125;0,8862;0,2;0,6853;0,8594;0,7675
2021-04-01;"CENTRO-NORTE";40;12;0;0;30;28;0;0;28;0;2;0;40;12;28;30;28;2;70;40;30;0,3;NA;0,9333;NA;0,3;0,9333;0,5714
2021-04-01;"EXTREMO-SUL";30;18;0;0;55;44;0;0;12;0;11;0;30;18;12;55;44;11;85;62;23;0,6;NA;0,8;NA;0,6;0,8;0,7294
2021-04-01;"LESTE";945;670;37;25;881;725;27;11;275;12;156;16;982;695;287;908;736;172;1890;1431;459;0,709;0,6757;0,8229;0,4074;0,7077;0,8106;0,7571
2021-04-01;"NORDESTE";9;9;4;0;8;5;0;0;0;4;3;0;13;9;4;8;5;3;21;14;7;1;0;0,625;NA;0,6923;0,625;0,6667
2021-04-01;"NORTE";75;27;0;0;70;58;0;0;48;0;12;0;75;27;48;70;58;12;145;85;60;0,36;NA;0,8286;NA;0,36;0,8286;0,5862
2021-04-01;"OESTE";72;48;0;0;60;58;0;0;24;0;2;0;72;48;24;60;58;2;132;106;26;0,6667;NA;0,9667;NA;0,6667;0,9667;0,803
2021-04-01;"SUDOESTE";106;75;0;0;90;80;1;1;31;0;10;0;106;75;31;91;81;10;197;156;41;0,7075;NA;0,8889;1;0,7075;0,8901;0,7919
2021-04-01;"SUL";211;115;10;5;166;130;3;3;96;5;36;0;221;120;101;169;133;36;390;253;137;0,545;0,5;0,7831;1;0,543;0,787;0,6487
2021-04-02;"CENTRO-LESTE";127;86;16;14;123;108;5;2;41;2;15;3;143;100;43;128;110;18;271;210;61;0,6772;0,875;0,878;0,4;0,6993;0,8594;0,7749
2021-04-02;"CENTRO-NORTE";40;12;0;0;30;29;0;0;28;0;1;0;40;12;28;30;29;1;70;41;29;0,3;NA;0,9667;NA;0,3;0,9667;0,5857
2021-04-02;"EXTREMO-SUL";30;13;0;0;55;47;0;0;17;0;8;0;30;13;17;55;47;8;85;60;25;0,4333;NA;0,8545;NA;0,4333;0,8545;0,7059
2021-04-02;"LESTE";945;712;37;22;881;709;27;11;233;15;172;16;982;734;248;908;720;188;1890;1454;436;0,7534;0,5946;0,8048;0,4074;0,7475;0,793;0,7693
2021-04-02;"NORDESTE";9;6;4;0;8;5;0;0;3;4;3;0;13;6;7;8;5;3;21;11;10;0,6667;0;0,625;NA;0,4615;0,625;0,5238
2021-04-02;"NORTE";75;23;0;0;70;60;0;0;52;0;10;0;75;23;52;70;60;10;145;83;62;0,3067;NA;0,8571;NA;0,3067;0,8571;0,5724
2021-04-02;"OESTE";74;56;0;0;60;58;0;0;18;0;2;0;74;56;18;60;58;2;134;114;20;0,7568;NA;0,9667;NA;0,7568;0,9667;0,8507
2021-04-02;"SUDOESTE";106;74;0;0;90;77;1;1;32;0;13;0;106;74;32;91;78;13;197;152;45;0,6981;NA;0,8556;1;0,6981;0,8571;0,7716
2021-04-02;"SUL";186;114;10;5;146;125;3;2;72;5;21;1;196;119;77;149;127;22;345;246;99;0,6129;0,5;0,8562;0,6667;0,6071;0,8523;0,713
2021-04-03;"CENTRO-LESTE";127;87;16;13;123;107;5;1;40;3;16;4;143;100;43;128;108;20;271;208;63;0,685;0,8125;0,8699;0,2;0,6993;0,8438;0,7675
2021-04-03;"CENTRO-NORTE";40;11;0;0;30;27;0;0;29;0;3;0;40;11;29;30;27;3;70;38;32;0,275;NA;0,9;NA;0,275;0,9;0,5429
2021-04-03;"EXTREMO-SUL";30;12;0;0;55;47;0;0;18;0;8;0;30;12;18;55;47;8;85;59;26;0,4;NA;0,8545;NA;0,4;0,8545;0,6941
2021-04-03;"LESTE";975;675;37;23;886;725;27;10;300;14;161;17;1012;698;314;913;735;178;1925;1433;492;0,6923;0,6216;0,8183;0,3704;0,6897;0,805;0,7444
2021-04-03;"NORDESTE";9;5;4;0;8;6;0;0;4;4;2;0;13;5;8;8;6;2;21;11;10;0,5556;0;0,75;NA;0,3846;0,75;0,5238
2021-04-03;"NORTE";75;23;0;0;70;61;0;0;52;0;9;0;75;23;52;70;61;9;145;84;61;0,3067;NA;0,8714;NA;0,3067;0,8714;0,5793
2021-04-03;"OESTE";74;53;0;0;60;60;0;0;21;0;0;0;74;53;21;60;60;0;134;113;21;0,7162;NA;1;NA;0,7162;1;0,8433
2021-04-03;"SUDOESTE";106;80;0;0;90;76;1;1;26;0;14;0;106;80;26;91;77;14;197;157;40;0,7547;NA;0,8444;1;0,7547;0,8462;0,797
2021-04-03;"SUL";206;111;10;5;166;137;3;2;95;5;29;1;216;116;100;169;139;30;385;255;130;0,5388;0,5;0,8253;0,6667;0,537;0,8225;0,6623
2021-04-04;"CENTRO-LESTE";127;85;16;5;123;106;5;1;42;11;17;4;143;90;53;128;107;21;271;197;74;0,6693;0,3125;0,8618;0,2;0,6294;0,8359;0,7269
2021-04-04;"CENTRO-NORTE";40;11;0;0;30;26;0;0;29;0;4;0;40;11;29;30;26;4;70;37;33;0,275;NA;0,8667;NA;0,275;0,8667;0,5286
2021-04-04;"EXTREMO-SUL";30;11;0;0;55;48;0;0;19;0;7;0;30;11;19;55;48;7;85;59;26;0,3667;NA;0,8727;NA;0,3667;0,8727;0,6941
2021-04-04;"LESTE";975;640;37;24;886;717;27;9;335;13;169;18;1012;664;348;913;726;187;1925;1390;535;0,6564;0,6486;0,8093;0,3333;0,6561;0,7952;0,7221
2021-04-04;"NORDESTE";9;5;4;0;8;6;0;0;4;4;2;0;13;5;8;8;6;2;21;11;10;0,5556;0;0,75;NA;0,3846;0,75;0,5238
2021-04-04;"NORTE";75;28;0;0;70;60;0;0;47;0;10;0;75;28;47;70;60;10;145;88;57;0,3733;NA;0,8571;NA;0,3733;0,8571;0,6069
2021-04-04;"OESTE";74;51;0;0;60;59;0;0;23;0;1;0;74;51;23;60;59;1;134;110;24;0,6892;NA;0,9833;NA;0,6892;0,9833;0,8209
2021-04-04;"SUDOESTE";106;69;0;0;90;78;1;1;37;0;12;0;106;69;37;91;79;12;197;148;49;0,6509;NA;0,8667;1;0,6509;0,8681;0,7513
2021-04-04;"SUL";206;118;10;4;166;136;3;3;88;6;30;0;216;122;94;169;139;30;385;261;124;0,5728;0,4;0,8193;1;0,5648;0,8225;0,6779
2021-04-05;"CENTRO-LESTE";127;86;16;7;133;107;5;2;41;9;26;3;143;93;50;138;109;29;281;202;79;0,6772;0,4375;0,8045;0,4;0,6503;0,7899;0,7189
2021-04-05;"CENTRO-NORTE";40;34;0;0;30;26;0;0;6;0;4;0;40;34;6;30;26;4;70;60;10;0,85;NA;0,8667;NA;0,85;0,8667;0,8571
2021-04-05;"EXTREMO-SUL";30;12;0;0;55;45;0;0;18;0;10;0;30;12;18;55;45;10;85;57;28;0,4;NA;0,8182;NA;0,4;0,8182;0,6706
2021-04-05;"LESTE";970;625;37;24;881;730;27;13;345;13;151;14;1007;649;358;908;743;165;1915;1392;523;0,6443;0,6486;0,8286;0,4815;0,6445;0,8183;0,7269
2021-04-05;"NORDESTE";9;5;4;0;8;7;0;0;4;4;1;0;13;5;8;8;7;1;21;12;9;0,5556;0;0,875;NA;0,3846;0,875;0,5714
2021-04-05;"NORTE";75;34;0;0;70;61;0;0;41;0;9;0;75;34;41;70;61;9;145;95;50;0,4533;NA;0,8714;NA;0,4533;0,8714;0,6552
2021-04-05;"OESTE";74;53;0;0;60;59;0;0;21;0;1;0;74;53;21;60;59;1;134;112;22;0,7162;NA;0,9833;NA;0,7162;0,9833;0,8358
2021-04-05;"SUDOESTE";116;64;0;0;100;91;1;1;52;0;9;0;116;64;52;101;92;9;217;156;61;0,5517;NA;0,91;1;0,5517;0,9109;0,7189
2021-04-05;"SUL";206;123;10;6;166;147;3;2;83;4;19;1;216;129;87;169;149;20;385;278;107;0,5971;0,6;0,8855;0,6667;0,5972;0,8817;0,7221
2021-04-06;"CENTRO-LESTE";127;79;16;8;133;104;5;2;48;8;29;3;143;87;56;138;106;32;281;193;88;0,622;0,5;0,782;0,4;0,6084;0,7681;0,6868
2021-04-06;"CENTRO-NORTE";40;33;0;0;30;22;0;0;7;0;8;0;40;33;7;30;22;8;70;55;15;0,825;NA;0,7333;NA;0,825;0,7333;0,7857
2021-04-06;"EXTREMO-SUL";30;12;0;0;55;46;0;0;18;0;9;0;30;12;18;55;46;9;85;58;27;0,4;NA;0,8364;NA;0,4;0,8364;0,6824
2021-04-06;"LESTE";1038;664;37;25;881;724;27;13;374;12;157;14;1075;689;386;908;737;171;1983;1426;557;0,6397;0,6757;0,8218;0,4815;0,6409;0,8117;0,7191
2021-04-06;"NORDESTE";9;6;4;0;8;5;0;0;3;4;3;0;13;6;7;8;5;3;21;11;10;0,6667;0;0,625;NA;0,4615;0,625;0,5238
2021-04-06;"NORTE";75;33;0;0;70;59;0;0;42;0;11;0;75;33;42;70;59;11;145;92;53;0,44;NA;0,8429;NA;0,44;0,8429;0,6345
2021-04-06;"OESTE";74;58;0;0;60;57;0;0;16;0;3;0;74;58;16;60;57;3;134;115;19;0,7838;NA;0,95;NA;0,7838;0,95;0,8582
2021-04-06;"SUDOESTE";116;67;0;0;100;89;1;1;49;0;11;0;116;67;49;101;90;11;217;157;60;0,5776;NA;0,89;1;0,5776;0,8911;0,7235
2021-04-06;"SUL";206;112;10;6;166;142;3;2;94;4;24;1;216;118;98;169;144;25;385;262;123;0,5437;0,6;0,8554;0,6667;0,5463;0,8521;0,6805
2021-04-07;"CENTRO-LESTE";127;79;16;13;133;105;5;2;48;3;28;3;143;92;51;138;107;31;281;199;82;0,622;0,8125;0,7895;0,4;0,6434;0,7754;0,7082
2021-04-07;"CENTRO-NORTE";40;3;0;0;30;21;0;0;37;0;9;0;40;3;37;30;21;9;70;24;46;0,075;NA;0,7;NA;0,075;0,7;0,3429
2021-04-07;"EXTREMO-SUL";30;22;0;0;55;46;0;0;8;0;9;0;30;22;8;55;46;9;85;68;17;0,7333;NA;0,8364;NA;0,7333;0,8364;0,8
2021-04-07;"LESTE";1038;691;37;23;881;713;27;10;347;14;168;17;1075;714;361;908;723;185;1983;1437;546;0,6657;0,6216;0,8093;0,3704;0,6642;0,7963;0,7247
2021-04-07;"NORDESTE";9;8;4;0;8;8;0;0;1;4;0;0;13;8;5;8;8;0;21;16;5;0,8889;0;1;NA;0,6154;1;0,7619
2021-04-07;"NORTE";75;28;0;0;70;60;0;0;47;0;10;0;75;28;47;70;60;10;145;88;57;0,3733;NA;0,8571;NA;0,3733;0,8571;0,6069
2021-04-07;"OESTE";77;62;0;0;60;60;0;0;15;0;0;0;77;62;15;60;60;0;137;122;15;0,8052;NA;1;NA;0,8052;1;0,8905
2021-04-07;"SUDOESTE";116;67;0;0;100;96;1;1;49;0;4;0;116;67;49;101;97;4;217;164;53;0,5776;NA;0,96;1;0,5776;0,9604;0,7558
2021-04-07;"SUL";206;117;10;6;166;143;3;2;89;4;23;1;216;123;93;169;145;24;385;268;117;0,568;0,6;0,8614;0,6667;0,5694;0,858;0,6961
2021-04-08;"CENTRO-LESTE";127;86;16;8;133;104;5;3;41;8;29;2;143;94;49;138;107;31;281;201;80;0,6772;0,5;0,782;0,6;0,6573;0,7754;0,7153
2021-04-08;"CENTRO-NORTE";40;3;0;0;30;19;0;0;37;0;11;0;40;3;37;30;19;11;70;22;48;0,075;NA;0,6333;NA;0,075;0,6333;0,3143
2021-04-08;"EXTREMO-SUL";30;22;0;0;55;47;0;0;8;0;8;0;30;22;8;55;47;8;85;69;16;0,7333;NA;0,8545;NA;0,7333;0,8545;0,8118
2021-04-08;"LESTE";1038;712;37;22;881;726;27;12;326;15;155;15;1075;734;341;908;738;170;1983;1472;511;0,6859;0,5946;0,8241;0,4444;0,6828;0,8128;0,7423
2021-04-08;"NORDESTE";9;7;4;0;8;8;0;0;2;4;0;0;13;7;6;8;8;0;21;15;6;0,7778;0;1;NA;0,5385;1;0,7143
2021-04-08;"NORTE";75;26;0;0;70;61;0;0;49;0;9;0;75;26;49;70;61;9;145;87;58;0,3467;NA;0,8714;NA;0,3467;0,8714;0,6
2021-04-08;"OESTE";87;68;0;0;60;57;0;0;19;0;3;0;87;68;19;60;57;3;147;125;22;0,7816;NA;0,95;NA;0,7816;0,95;0,8503
2021-04-08;"SUDOESTE";116;70;0;0;100;94;1;1;46;0;6;0;116;70;46;101;95;6;217;165;52;0,6034;NA;0,94;1;0,6034;0,9406;0,7604
2021-04-08;"SUL";216;121;10;6;176;141;3;2;95;4;35;1;226;127;99;179;143;36;405;270;135;0,5602;0,6;0,8011;0,6667;0,5619;0,7989;0,6667
2021-04-09;"CENTRO-LESTE";127;89;16;8;133;111;5;3;38;8;22;2;143;97;46;138;114;24;281;211;70;0,7008;0,5;0,8346;0,6;0,6783;0,8261;0,7509
2021-04-09;"CENTRO-NORTE";40;4;0;0;30;20;0;0;36;0;10;0;40;4;36;30;20;10;70;24;46;0,1;NA;0,6667;NA;0,1;0,6667;0,3429
2021-04-09;"EXTREMO-SUL";30;18;0;0;55;50;0;0;12;0;5;0;30;18;12;55;50;5;85;68;17;0,6;NA;0,9091;NA;0,6;0,9091;0,8
2021-04-09;"LESTE";1038;711;37;23;901;706;27;12;327;14;195;15;1075;734;341;928;718;210;2003;1452;551;0,685;0,6216;0,7836;0,4444;0,6828;0,7737;0,7249
2021-04-09;"NORDESTE";9;8;4;0;8;8;0;0;1;4;0;0;13;8;5;8;8;0;21;16;5;0,8889;0;1;NA;0,6154;1;0,7619
2021-04-09;"NORTE";75;26;0;0;70;63;0;0;49;0;7;0;75;26;49;70;63;7;145;89;56;0,3467;NA;0,9;NA;0,3467;0,9;0,6138
2021-04-09;"OESTE";88;48;0;0;60;57;0;0;40;0;3;0;88;48;40;60;57;3;148;105;43;0,5455;NA;0,95;NA;0,5455;0,95;0,7095
2021-04-09;"SUDOESTE";116;71;0;0;100;86;1;1;45;0;14;0;116;71;45;101;87;14;217;158;59;0,6121;NA;0,86;1;0,6121;0,8614;0,7281
2021-04-09;"SUL";226;112;10;4;176;144;3;1;114;6;32;2;236;116;120;179;145;34;415;261;154;0,4956;0,4;0,8182;0,3333;0,4915;0,8101;0,6289
2021-04-10;"CENTRO-LESTE";127;88;16;11;133;111;5;2;39;5;22;3;143;99;44;138;113;25;281;212;69;0,6929;0,6875;0,8346;0,4;0,6923;0,8188;0,7544
2021-04-10;"CENTRO-NORTE";40;4;0;0;30;20;0;0;36;0;10;0;40;4;36;30;20;10;70;24;46;0,1;NA;0,6667;NA;0,1;0,6667;0,3429
2021-04-10;"EXTREMO-SUL";30;16;0;0;55;48;0;0;14;0;7;0;30;16;14;55;48;7;85;64;21;0,5333;NA;0,8727;NA;0,5333;0,8727;0,7529
2021-04-10;"LESTE";1038;708;37;26;901;710;27;14;330;11;191;13;1075;734;341;928;724;204;2003;1458;545;0,6821;0,7027;0,788;0,5185;0,6828;0,7802;0,7279
2021-04-10;"NORDESTE";9;8;4;0;8;8;0;0;1;4;0;0;13;8;5;8;8;0;21;16;5;0,8889;0;1;NA;0,6154;1;0,7619
2021-04-10;"NORTE";75;30;0;0;70;64;0;0;45;0;6;0;75;30;45;70;64;6;145;94;51;0,4;NA;0,9143;NA;0,4;0,9143;0,6483
2021-04-10;"OESTE";91;76;0;0;60;58;0;0;15;0;2;0;91;76;15;60;58;2;151;134;17;0,8352;NA;0,9667;NA;0,8352;0,9667;0,8874
2021-04-10;"SUDOESTE";116;67;0;0;100;92;1;0;49;0;8;1;116;67;49;101;92;9;217;159;58;0,5776;NA;0,92;0;0,5776;0,9109;0,7327
2021-04-10;"SUL";226;115;10;4;176;140;3;3;111;6;36;0;236;119;117;179;143;36;415;262;153;0,5088;0,4;0,7955;1;0,5042;0,7989;0,6313
2021-04-11;"CENTRO-LESTE";127;87;16;11;133;117;5;2;40;5;16;3;143;98;45;138;119;19;281;217;64;0,685;0,6875;0,8797;0,4;0,6853;0,8623;0,7722
2021-04-11;"CENTRO-NORTE";40;5;0;0;30;16;0;0;35;0;14;0;40;5;35;30;16;14;70;21;49;0,125;NA;0,5333;NA;0,125;0,5333;0,3
2021-04-11;"EXTREMO-SUL";30;14;0;0;55;47;0;0;16;0;8;0;30;14;16;55;47;8;85;61;24;0,4667;NA;0,8545;NA;0,4667;0,8545;0,7176
2021-04-11;"LESTE";1038;683;37;26;901;728;27;15;355;11;173;12;1075;709;366;928;743;185;2003;1452;551;0,658;0,7027;0,808;0,5556;0,6595;0,8006;0,7249
2021-04-11;"NORDESTE";9;8;4;0;8;8;0;0;1;4;0;0;13;8;5;8;8;0;21;16;5;0,8889;0;1;NA;0,6154;1;0,7619
2021-04-11;"NORTE";75;28;0;0;70;63;0;0;47;0;7;0;75;28;47;70;63;7;145;91;54;0,3733;NA;0,9;NA;0,3733;0,9;0,6276
2021-04-11;"OESTE";91;71;0;0;60;58;0;0;20;0;2;0;91;71;20;60;58;2;151;129;22;0,7802;NA;0,9667;NA;0,7802;0,9667;0,8543
2021-04-11;"SUDOESTE";116;77;0;0;100;92;1;0;39;0;8;1;116;77;39;101;92;9;217;169;48;0,6638;NA;0,92;0;0,6638;0,9109;0,7788
2021-04-11;"SUL";226;111;10;4;176;138;3;3;115;6;38;0;236;115;121;179;141;38;415;256;159;0,4912;0,4;0,7841;1;0,4873;0,7877;0,6169
2021-04-12;"CENTRO-LESTE";127;97;16;10;133;117;5;3;30;6;16;2;143;107;36;138;120;18;281;227;54;0,7638;0,625;0,8797;0,6;0,7483;0,8696;0,8078
2021-04-12;"CENTRO-NORTE";40;4;0;0;30;17;0;0;36;0;13;0;40;4;36;30;17;13;70;21;49;0,1;NA;0,5667;NA;0,1;0,5667;0,3
2021-04-12;"EXTREMO-SUL";30;16;0;0;55;48;0;0;14;0;7;0;30;16;14;55;48;7;85;64;21;0,5333;NA;0,8727;NA;0,5333;0,8727;0,7529
2021-04-12;"LESTE";1038;665;37;25;901;751;27;15;373;12;150;12;1075;690;385;928;766;162;2003;1456;547;0,6407;0,6757;0,8335;0,5556;0,6419;0,8254;0,7269
2021-04-12;"NORDESTE";9;7;4;0;8;8;0;0;2;4;0;0;13;7;6;8;8;0;21;15;6;0,7778;0;1;NA;0,5385;1;0,7143
2021-04-12;"NORTE";75;22;0;0;70;63;0;0;53;0;7;0;75;22;53;70;63;7;145;85;60;0,2933;NA;0,9;NA;0,2933;0,9;0,5862
2021-04-12;"OESTE";91;75;0;0;60;57;0;0;16;0;3;0;91;75;16;60;57;3;151;132;19;0,8242;NA;0,95;NA;0,8242;0,95;0,8742
2021-04-12;"SUDOESTE";116;73;0;0;100;91;1;1;43;0;9;0;116;73;43;101;92;9;217;165;52;0,6293;NA;0,91;1;0,6293;0,9109;0,7604
2021-04-12;"SUL";226;116;10;4;176;142;3;3;110;6;34;0;236;120;116;179;145;34;415;265;150;0,5133;0,4;0,8068;1;0,5085;0,8101;0,6386
2021-04-13;"CENTRO-LESTE";127;85;16;10;133;119;5;4;42;6;14;1;143;95;48;138;123;15;281;218;63;0,6693;0,625;0,8947;0,8;0,6643;0,8913;0,7758
2021-04-13;"CENTRO-NORTE";40;6;0;0;30;16;0;0;34;0;14;0;40;6;34;30;16;14;70;22;48;0,15;NA;0,5333;NA;0,15;0,5333;0,3143
2021-04-13;"EXTREMO-SUL";30;18;0;0;55;50;0;0;12;0;5;0;30;18;12;55;50;5;85;68;17;0,6;NA;0,9091;NA;0,6;0,9091;0,8
2021-04-13;"LESTE";1038;658;37;24;896;723;27;15;380;13;173;12;1075;682;393;923;738;185;1998;1420;578;0,6339;0,6486;0,8069;0,5556;0,6344;0,7996;0,7107
2021-04-13;"NORDESTE";9;9;4;0;8;8;0;0;0;4;0;0;13;9;4;8;8;0;21;17;4;1;0;1;NA;0,6923;1;0,8095
2021-04-13;"NORTE";85;28;0;0;80;67;0;0;57;0;13;0;85;28;57;80;67;13;165;95;70;0,3294;NA;0,8375;NA;0,3294;0,8375;0,5758
2021-04-13;"OESTE";91;81;0;0;60;56;0;0;10;0;4;0;91;81;10;60;56;4;151;137;14;0,8901;NA;0,9333;NA;0,8901;0,9333;0,9073
2021-04-13;"SUDOESTE";116;61;0;0;100;86;1;1;55;0;14;0;116;61;55;101;87;14;217;148;69;0,5259;NA;0,86;1;0,5259;0,8614;0,682
2021-04-13;"SUL";226;113;10;7;176;144;3;2;113;3;32;1;236;120;116;179;146;33;415;266;149;0,5;0,7;0,8182;0,6667;0,5085;0,8156;0,641
2021-04-14;"CENTRO-LESTE";127;95;16;13;133;107;5;3;32;3;26;2;143;108;35;138;110;28;281;218;63;0,748;0,8125;0,8045;0,6;0,7552;0,7971;0,7758
2021-04-14;"CENTRO-NORTE";40;9;0;0;30;17;0;0;31;0;13;0;40;9;31;30;17;13;70;26;44;0,225;NA;0,5667;NA;0,225;0,5667;0,3714
2021-04-14;"EXTREMO-SUL";30;22;0;0;55;46;0;0;8;0;9;0;30;22;8;55;46;9;85;68;17;0,7333;NA;0,8364;NA;0,7333;0,8364;0,8
2021-04-14;"LESTE";1038;657;37;26;896;723;27;14;381;11;173;13;1075;683;392;923;737;186;1998;1420;578;0,6329;0,7027;0,8069;0,5185;0,6353;0,7985;0,7107
2021-04-14;"NORDESTE";9;9;4;0;8;8;0;0;0;4;0;0;13;9;4;8;8;0;21;17;4;1;0;1;NA;0,6923;1;0,8095
2021-04-14;"NORTE";85;37;0;0;80;68;0;0;48;0;12;0;85;37;48;80;68;12;165;105;60;0,4353;NA;0,85;NA;0,4353;0,85;0,6364
2021-04-14;"OESTE";91;80;0;0;60;55;0;0;11;0;5;0;91;80;11;60;55;5;151;135;16;0,8791;NA;0,9167;NA;0,8791;0,9167;0,894
2021-04-14;"SUDOESTE";116;71;0;0;100;89;1;1;45;0;11;0;116;71;45;101;90;11;217;161;56;0,6121;NA;0,89;1;0,6121;0,8911;0,7419
2021-04-14;"SUL";226;132;10;4;176;148;3;3;94;6;28;0;236;136;100;179;151;28;415;287;128;0,5841;0,4;0,8409;1;0,5763;0,8436;0,6916
2021-04-15;"CENTRO-LESTE";127;84;16;11;133;111;5;3;43;5;22;2;143;95;48;138;114;24;281;209;72;0,6614;0,6875;0,8346;0,6;0,6643;0,8261;0,7438
2021-04-15;"CENTRO-NORTE";40;11;0;0;30;17;0;0;29;0;13;0;40;11;29;30;17;13;70;28;42;0,275;NA;0,5667;NA;0,275;0,5667;0,4
2021-04-15;"EXTREMO-SUL";30;21;0;0;55;48;0;0;9;0;7;0;30;21;9;55;48;7;85;69;16;0,7;NA;0,8727;NA;0,7;0,8727;0,8118
2021-04-15;"LESTE";1038;665;37;27;896;716;27;15;373;10;180;12;1075;692;383;923;731;192;1998;1423;575;0,6407;0,7297;0,7991;0,5556;0,6437;0,792;0,7122
2021-04-15;"NORDESTE";9;8;4;0;8;8;0;0;1;4;0;0;13;8;5;8;8;0;21;16;5;0,8889;0;1;NA;0,6154;1;0,7619
2021-04-15;"NORTE";85;29;0;0;80;67;0;0;56;0;13;0;85;29;56;80;67;13;165;96;69;0,3412;NA;0,8375;NA;0,3412;0,8375;0,5818
2021-04-15;"OESTE";96;81;0;0;60;57;0;0;15;0;3;0;96;81;15;60;57;3;156;138;18;0,8438;NA;0,95;NA;0,8438;0,95;0,8846
2021-04-15;"SUDOESTE";116;74;0;0;100;98;1;1;42;0;2;0;116;74;42;101;99;2;217;173;44;0,6379;NA;0,98;1;0,6379;0,9802;0,7972
2021-04-15;"SUL";226;142;10;2;176;148;3;3;84;8;28;0;236;144;92;179;151;28;415;295;120;0,6283;0,2;0,8409;1;0,6102;0,8436;0,7108
2021-04-16;"CENTRO-LESTE";127;79;16;10;133;108;5;3;48;6;25;2;143;89;54;138;111;27;281;200;81;0,622;0,625;0,812;0,6;0,6224;0,8043;0,7117
2021-04-16;"CENTRO-NORTE";40;11;0;0;30;20;0;0;29;0;10;0;40;11;29;30;20;10;70;31;39;0,275;NA;0,6667;NA;0,275;0,6667;0,4429
2021-04-16;"EXTREMO-SUL";30;14;0;0;55;51;0;0;16;0;4;0;30;14;16;55;51;4;85;65;20;0,4667;NA;0,9273;NA;0,4667;0,9273;0,7647
2021-04-16;"LESTE";1038;663;37;27;896;686;27;14;375;10;210;13;1075;690;385;923;700;223;1998;1390;608;0,6387;0,7297;0,7656;0,5185;0,6419;0,7584;0,6957
2021-04-16;"NORDESTE";9;6;4;0;8;8;0;0;3;4;0;0;13;6;7;8;8;0;21;14;7;0,6667;0;1;NA;0,4615;1;0,6667
2021-04-16;"NORTE";85;36;0;0;80;60;0;0;49;0;20;0;85;36;49;80;60;20;165;96;69;0,4235;NA;0,75;NA;0,4235;0,75;0,5818
2021-04-16;"OESTE";96;81;0;0;60;60;0;0;15;0;0;0;96;81;15;60;60;0;156;141;15;0,8438;NA;1;NA;0,8438;1;0,9038
2021-04-16;"SUDOESTE";116;78;0;0;100;89;1;1;38;0;11;0;116;78;38;101;90;11;217;168;49;0,6724;NA;0,89;1;0,6724;0,8911;0,7742
2021-04-16;"SUL";226;138;10;4;176;146;3;3;88;6;30;0;236;142;94;179;149;30;415;291;124;0,6106;0,4;0,8295;1;0,6017;0,8324;0,7012
2021-04-17;"CENTRO-LESTE";127;71;16;10;133;115;5;4;56;6;18;1;143;81;62;138;119;19;281;200;81;0,5591;0,625;0,8647;0,8;0,5664;0,8623;0,7117
2021-04-17;"CENTRO-NORTE";40;10;0;0;30;23;0;0;30;0;7;0;40;10;30;30;23;7;70;33;37;0,25;NA;0,7667;NA;0,25;0,7667;0,4714
2021-04-17;"EXTREMO-SUL";30;16;0;0;55;52;0;0;14;0;3;0;30;16;14;55;52;3;85;68;17;0,5333;NA;0,9455;NA;0,5333;0,9455;0,8
2021-04-17;"LESTE";1038;662;37;23;896;685;27;13;376;14;211;14;1075;685;390;923;698;225;1998;1383;615;0,6378;0,6216;0,7645;0,4815;0,6372;0,7562;0,6922
2021-04-17;"NORDESTE";9;5;4;0;8;7;0;0;4;4;1;0;13;5;8;8;7;1;21;12;9;0,5556;0;0,875;NA;0,3846;0,875;0,5714
2021-04-17;"NORTE";85;32;0;0;80;58;0;0;53;0;22;0;85;32;53;80;58;22;165;90;75;0,3765;NA;0,725;NA;0,3765;0,725;0,5455
2021-04-17;"OESTE";96;84;0;0;60;60;0;0;12;0;0;0;96;84;12;60;60;0;156;144;12;0,875;NA;1;NA;0,875;1;0,9231
2021-04-17;"SUDOESTE";116;76;0;0;100;89;1;1;40;0;11;0;116;76;40;101;90;11;217;166;51;0,6552;NA;0,89;1;0,6552;0,8911;0,765
2021-04-17;"SUL";226;142;10;4;176;144;3;3;84;6;32;0;236;146;90;179;147;32;415;293;122;0,6283;0,4;0,8182;1;0,6186;0,8212;0,706
2021-04-18;"CENTRO-LESTE";127;70;16;10;133;116;5;4;57;6;17;1;143;80;63;138;120;18;281;200;81;0,5512;0,625;0,8722;0,8;0,5594;0,8696;0,7117
2021-04-18;"CENTRO-NORTE";40;9;0;0;30;30;0;0;31;0;0;0;40;9;31;30;30;0;70;39;31;0,225;NA;1;NA;0,225;1;0,5571
2021-04-18;"EXTREMO-SUL";30;17;0;0;55;54;0;0;13;0;1;0;30;17;13;55;54;1;85;71;14;0,5667;NA;0,9818;NA;0,5667;0,9818;0,8353
2021-04-18;"LESTE";1023;662;37;27;886;702;27;15;361;10;184;12;1060;689;371;913;717;196;1973;1406;567;0,6471;0,7297;0,7923;0,5556;0,65;0,7853;0,7126
2021-04-18;"NORDESTE";9;5;4;0;8;7;0;0;4;4;1;0;13;5;8;8;7;1;21;12;9;0,5556;0;0,875;NA;0,3846;0,875;0,5714
2021-04-18;"NORTE";85;34;0;0;80;69;0;0;51;0;11;0;85;34;51;80;69;11;165;103;62;0,4;NA;0,8625;NA;0,4;0,8625;0,6242
2021-04-18;"OESTE";96;84;0;0;60;57;0;0;12;0;3;0;96;84;12;60;57;3;156;141;15;0,875;NA;0,95;NA;0,875;0,95;0,9038
2021-04-18;"SUDOESTE";116;77;0;0;100;97;1;1;39;0;3;0;116;77;39;101;98;3;217;175;42;0,6638;NA;0,97;1;0,6638;0,9703;0,8065
2021-04-18;"SUL";226;159;10;7;176;142;3;1;67;3;34;2;236;166;70;179;143;36;415;309;106;0,7035;0,7;0,8068;0,3333;0,7034;0,7989;0,7446
2021-04-19;"CENTRO-LESTE";127;74;16;9;133;109;5;4;53;7;24;1;143;83;60;138;113;25;281;196;85;0,5827;0,5625;0,8195;0,8;0,5804;0,8188;0,6975
2021-04-19;"CENTRO-NORTE";40;9;0;0;30;24;0;0;31;0;6;0;40;9;31;30;24;6;70;33;37;0,225;NA;0,8;NA;0,225;0,8;0,4714
2021-04-19;"EXTREMO-SUL";30;18;0;0;55;53;0;0;12;0;2;0;30;18;12;55;53;2;85;71;14;0,6;NA;0,9636;NA;0,6;0,9636;0,8353
2021-04-19;"LESTE";1038;641;37;30;896;701;27;15;397;7;195;12;1075;671;404;923;716;207;1998;1387;611;0,6175;0,8108;0,7824;0,5556;0,6242;0,7757;0,6942
2021-04-19;"NORDESTE";9;5;4;0;8;8;0;0;4;4;0;0;13;5;8;8;8;0;21;13;8;0,5556;0;1;NA;0,3846;1;0,619
2021-04-19;"NORTE";85;33;0;0;80;68;0;0;52;0;12;0;85;33;52;80;68;12;165;101;64;0,3882;NA;0,85;NA;0,3882;0,85;0,6121
2021-04-19;"OESTE";96;82;0;0;60;60;0;0;14;0;0;0;96;82;14;60;60;0;156;142;14;0,8542;NA;1;NA;0,8542;1;0,9103
2021-04-19;"SUDOESTE";116;78;0;0;100;98;1;1;38;0;2;0;116;78;38;101;99;2;217;177;40;0,6724;NA;0,98;1;0,6724;0,9802;0,8157
2021-04-19;"SUL";226;155;10;7;176;143;3;1;71;3;33;2;236;162;74;179;144;35;415;306;109;0,6858;0,7;0,8125;0,3333;0,6864;0,8045;0,7373
2021-04-20;"CENTRO-LESTE";127;79;16;12;133;108;5;3;48;4;25;2;143;91;52;138;111;27;281;202;79;0,622;0,75;0,812;0,6;0,6364;0,8043;0,7189
2021-04-20;"CENTRO-NORTE";40;7;0;0;30;22;0;0;33;0;8;0;40;7;33;30;22;8;70;29;41;0,175;NA;0,7333;NA;0,175;0,7333;0,4143
2021-04-20;"EXTREMO-SUL";30;18;0;0;55;52;0;0;12;0;3;0;30;18;12;55;52;3;85;70;15;0,6;NA;0,9455;NA;0,6;0,9455;0,8235
2021-04-20;"LESTE";1038;651;37;24;926;696;27;14;387;13;230;13;1075;675;400;953;710;243;2028;1385;643;0,6272;0,6486;0,7516;0,5185;0,6279;0,745;0,6829
2021-04-20;"NORDESTE";9;6;4;0;8;7;0;0;3;4;1;0;13;6;7;8;7;1;21;13;8;0,6667;0;0,875;NA;0,4615;0,875;0,619
2021-04-20;"NORTE";95;33;0;0;80;66;0;0;62;0;14;0;95;33;62;80;66;14;175;99;76;0,3474;NA;0,825;NA;0,3474;0,825;0,5657
2021-04-20;"OESTE";97;60;0;0;60;59;0;0;37;0;1;0;97;60;37;60;59;1;157;119;38;0,6186;NA;0,9833;NA;0,6186;0,9833;0,758
2021-04-20;"SUDOESTE";116;73;0;0;100;94;1;1;43;0;6;0;116;73;43;101;95;6;217;168;49;0,6293;NA;0,94;1;0,6293;0,9406;0,7742
2021-04-20;"SUL";226;145;10;2;176;141;3;3;81;8;35;0;236;147;89;179;144;35;415;291;124;0,6416;0,2;0,8011;1;0,6229;0,8045;0,7012
2021-04-21;"CENTRO-LESTE";127;83;16;13;133;107;5;3;44;3;26;2;143;96;47;138;110;28;281;206;75;0,6535;0,8125;0,8045;0,6;0,6713;0,7971;0,7331
2021-04-21;"CENTRO-NORTE";40;7;0;0;30;27;0;0;33;0;3;0;40;7;33;30;27;3;70;34;36;0,175;NA;0,9;NA;0,175;0,9;0,4857
2021-04-21;"EXTREMO-SUL";30;21;0;0;55;49;0;0;9;0;6;0;30;21;9;55;49;6;85;70;15;0,7;NA;0,8909;NA;0,7;0,8909;0,8235
2021-04-21;"LESTE";1038;649;37;26;926;704;27;14;389;11;222;13;1075;675;400;953;718;235;2028;1393;635;0,6252;0,7027;0,7603;0,5185;0,6279;0,7534;0,6869
2021-04-21;"NORDESTE";9;5;4;0;8;5;0;0;4;4;3;0;13;5;8;8;5;3;21;10;11;0,5556;0;0,625;NA;0,3846;0,625;0,4762
2021-04-21;"NORTE";95;31;0;0;80;69;0;0;64;0;11;0;95;31;64;80;69;11;175;100;75;0,3263;NA;0,8625;NA;0,3263;0,8625;0,5714
2021-04-21;"OESTE";97;83;0;0;60;59;0;0;14;0;1;0;97;83;14;60;59;1;157;142;15;0,8557;NA;0,9833;NA;0,8557;0,9833;0,9045
2021-04-21;"SUDOESTE";116;75;0;0;100;96;1;0;41;0;4;1;116;75;41;101;96;5;217;171;46;0,6466;NA;0,96;0;0,6466;0,9505;0,788
2021-04-21;"SUL";226;140;10;3;176;141;3;3;86;7;35;0;236;143;93;179;144;35;415;287;128;0,6195;0,3;0,8011;1;0,6059;0,8045;0,6916
2021-04-22;"CENTRO-LESTE";127;88;16;11;133;108;5;5;39;5;25;0;143;99;44;138;113;25;281;212;69;0,6929;0,6875;0,812;1;0,6923;0,8188;0,7544
2021-04-22;"CENTRO-NORTE";40;6;0;0;30;30;0;0;34;0;0;0;40;6;34;30;30;0;70;36;34;0,15;NA;1;NA;0,15;1;0,5143
2021-04-22;"EXTREMO-SUL";30;18;0;0;55;49;0;0;12;0;6;0;30;18;12;55;49;6;85;67;18;0,6;NA;0,8909;NA;0,6;0,8909;0,7882
2021-04-22;"LESTE";1038;671;37;22;926;690;27;14;367;15;236;13;1075;693;382;953;704;249;2028;1397;631;0,6464;0,5946;0,7451;0,5185;0,6447;0,7387;0,6889
2021-04-22;"NORDESTE";9;4;4;0;8;6;0;0;5;4;2;0;13;4;9;8;6;2;21;10;11;0,4444;0;0,75;NA;0,3077;0,75;0,4762
2021-04-22;"NORTE";95;33;0;0;80;69;0;0;62;0;11;0;95;33;62;80;69;11;175;102;73;0,3474;NA;0,8625;NA;0,3474;0,8625;0,5829
2021-04-22;"OESTE";97;83;0;0;60;59;0;0;14;0;1;0;97;83;14;60;59;1;157;142;15;0,8557;NA;0,9833;NA;0,8557;0,9833;0,9045
2021-04-22;"SUDOESTE";116;70;0;0;100;95;1;1;46;0;5;0;116;70;46;101;96;5;217;166;51;0,6034;NA;0,95;1;0,6034;0,9505;0,765
2021-04-22;"SUL";226;140;10;3;176;149;3;3;86;7;27;0;236;143;93;179;152;27;415;295;120;0,6195;0,3;0,8466;1;0,6059;0,8492;0,7108
2021-04-23;"CENTRO-LESTE";127;87;16;11;133;109;5;3;40;5;24;2;143;98;45;138;112;26;281;210;71;0,685;0,6875;0,8195;0,6;0,6853;0,8116;0,7473
2021-04-23;"CENTRO-NORTE";40;6;0;0;30;30;0;0;34;0;0;0;40;6;34;30;30;0;70;36;34;0,15;NA;1;NA;0,15;1;0,5143
2021-04-23;"EXTREMO-SUL";30;18;0;0;55;49;0;0;12;0;6;0;30;18;12;55;49;6;85;67;18;0,6;NA;0,8909;NA;0,6;0,8909;0,7882
2021-04-23;"LESTE";1038;670;37;24;926;699;27;14;368;13;227;13;1075;694;381;953;713;240;2028;1407;621;0,6455;0,6486;0,7549;0,5185;0,6456;0,7482;0,6938
2021-04-23;"NORDESTE";9;3;4;0;8;8;0;0;6;4;0;0;13;3;10;8;8;0;21;11;10;0,3333;0;1;NA;0,2308;1;0,5238
2021-04-23;"NORTE";95;34;0;0;80;71;0;0;61;0;9;0;95;34;61;80;71;9;175;105;70;0,3579;NA;0,8875;NA;0,3579;0,8875;0,6
2021-04-23;"OESTE";97;80;0;0;60;57;0;0;17;0;3;0;97;80;17;60;57;3;157;137;20;0,8247;NA;0,95;NA;0,8247;0,95;0,8726
2021-04-23;"SUDOESTE";116;62;0;0;110;91;1;1;54;0;19;0;116;62;54;111;92;19;227;154;73;0,5345;NA;0,8273;1;0,5345;0,8288;0,6784
2021-04-23;"SUL";226;139;10;2;176;140;3;3;87;8;36;0;236;141;95;179;143;36;415;284;131;0,615;0,2;0,7955;1;0,5975;0,7989;0,6843
2021-04-24;"CENTRO-LESTE";127;93;16;10;133;116;5;3;34;6;17;2;143;103;40;138;119;19;281;222;59;0,7323;0,625;0,8722;0,6;0,7203;0,8623;0,79
2021-04-24;"CENTRO-NORTE";40;12;0;0;30;27;0;0;28;0;3;0;40;12;28;30;27;3;70;39;31;0,3;NA;0,9;NA;0,3;0,9;0,5571
2021-04-24;"EXTREMO-SUL";30;17;0;0;55;50;0;0;13;0;5;0;30;17;13;55;50;5;85;67;18;0,5667;NA;0,9091;NA;0,5667;0,9091;0,7882
2021-04-24;"LESTE";1038;688;37;21;926;738;27;17;350;16;188;10;1075;709;366;953;755;198;2028;1464;564;0,6628;0,5676;0,797;0,6296;0,6595;0,7922;0,7219
2021-04-24;"NORDESTE";9;5;4;0;8;8;0;0;4;4;0;0;13;5;8;8;8;0;21;13;8;0,5556;0;1;NA;0,3846;1;0,619
2021-04-24;"NORTE";95;31;0;0;80;68;0;0;64;0;12;0;95;31;64;80;68;12;175;99;76;0,3263;NA;0,85;NA;0,3263;0,85;0,5657
2021-04-24;"OESTE";97;81;0;0;60;56;0;0;16;0;4;0;97;81;16;60;56;4;157;137;20;0,8351;NA;0,9333;NA;0,8351;0,9333;0,8726
2021-04-24;"SUDOESTE";116;64;0;0;110;92;1;1;52;0;18;0;116;64;52;111;93;18;227;157;70;0,5517;NA;0,8364;1;0,5517;0,8378;0,6916
2021-04-24;"SUL";226;121;10;2;176;139;3;3;105;8;37;0;236;123;113;179;142;37;415;265;150;0,5354;0,2;0,7898;1;0,5212;0,7933;0,6386
2021-04-25;"CENTRO-LESTE";127;78;16;11;133;115;5;4;49;5;18;1;143;89;54;138;119;19;281;208;73;0,6142;0,6875;0,8647;0,8;0,6224;0,8623;0,7402
2021-04-25;"CENTRO-NORTE";40;4;0;0;30;29;0;0;36;0;1;0;40;4;36;30;29;1;70;33;37;0,1;NA;0,9667;NA;0,1;0,9667;0,4714
2021-04-25;"EXTREMO-SUL";30;17;0;0;55;51;0;0;13;0;4;0;30;17;13;55;51;4;85;68;17;0,5667;NA;0,9273;NA;0,5667;0,9273;0,8
2021-04-25;"LESTE";1038;671;37;22;926;720;27;16;367;15;206;11;1075;693;382;953;736;217;2028;1429;599;0,6464;0,5946;0,7775;0,5926;0,6447;0,7723;0,7046
2021-04-25;"NORDESTE";9;5;4;0;8;8;0;0;4;4;0;0;13;5;8;8;8;0;21;13;8;0,5556;0;1;NA;0,3846;1;0,619
2021-04-25;"NORTE";95;32;0;0;80;69;0;0;63;0;11;0;95;32;63;80;69;11;175;101;74;0,3368;NA;0,8625;NA;0,3368;0,8625;0,5771
2021-04-25;"OESTE";97;83;0;0;60;54;0;0;14;0;6;0;97;83;14;60;54;6;157;137;20;0,8557;NA;0,9;NA;0,8557;0,9;0,8726
2021-04-25;"SUDOESTE";116;65;0;0;110;97;1;1;51;0;13;0;116;65;51;111;98;13;227;163;64;0,5603;NA;0,8818;1;0,5603;0,8829;0,7181
2021-04-25;"SUL";226;117;10;2;176;139;3;3;109;8;37;0;236;119;117;179;142;37;415;261;154;0,5177;0,2;0,7898;1;0,5042;0,7933;0,6289
2021-04-26;"CENTRO-LESTE";127;71;16;14;133;119;5;1;56;2;14;4;143;85;58;138;120;18;281;205;76;0,5591;0,875;0,8947;0,2;0,5944;0,8696;0,7295
2021-04-26;"CENTRO-NORTE";40;6;0;0;30;28;0;0;34;0;2;0;40;6;34;30;28;2;70;34;36;0,15;NA;0,9333;NA;0,15;0,9333;0,4857
2021-04-26;"EXTREMO-SUL";30;16;0;0;55;51;0;0;14;0;4;0;30;16;14;55;51;4;85;67;18;0,5333;NA;0,9273;NA;0,5333;0,9273;0,7882
2021-04-26;"LESTE";1038;636;37;23;926;721;27;14;402;14;205;13;1075;659;416;953;735;218;2028;1394;634;0,6127;0,6216;0,7786;0,5185;0,613;0,7712;0,6874
2021-04-26;"NORDESTE";9;6;4;0;8;8;0;0;3;4;0;0;13;6;7;8;8;0;21;14;7;0,6667;0;1;NA;0,4615;1;0,6667
2021-04-26;"NORTE";95;32;0;0;80;66;0;0;63;0;14;0;95;32;63;80;66;14;175;98;77;0,3368;NA;0,825;NA;0,3368;0,825;0,56
2021-04-26;"OESTE";97;82;0;0;60;56;0;0;15;0;4;0;97;82;15;60;56;4;157;138;19;0,8454;NA;0,9333;NA;0,8454;0,9333;0,879
2021-04-26;"SUDOESTE";116;66;0;0;110;97;1;1;50;0;13;0;116;66;50;111;98;13;227;164;63;0,569;NA;0,8818;1;0,569;0,8829;0,7225
2021-04-26;"SUL";226;121;10;2;176;148;3;3;105;8;28;0;236;123;113;179;151;28;415;274;141;0,5354;0,2;0,8409;1;0,5212;0,8436;0,6602
2021-04-27;"CENTRO-LESTE";127;70;16;14;133;119;5;1;57;2;14;4;143;84;59;138;120;18;281;204;77;0,5512;0,875;0,8947;0,2;0,5874;0,8696;0,726
2021-04-27;"CENTRO-NORTE";40;6;0;0;30;30;0;0;34;0;0;0;40;6;34;30;30;0;70;36;34;0,15;NA;1;NA;0,15;1;0,5143
2021-04-27;"EXTREMO-SUL";30;18;0;0;55;52;0;0;12;0;3;0;30;18;12;55;52;3;85;70;15;0,6;NA;0,9455;NA;0,6;0,9455;0,8235
2021-04-27;"LESTE";1038;654;37;18;926;718;27;17;384;19;208;10;1075;672;403;953;735;218;2028;1407;621;0,6301;0,4865;0,7754;0,6296;0,6251;0,7712;0,6938
2021-04-27;"NORDESTE";9;5;4;0;8;7;0;0;4;4;1;0;13;5;8;8;7;1;21;12;9;0,5556;0;0,875;NA;0,3846;0,875;0,5714
2021-04-27;"NORTE";95;35;0;0;80;70;0;0;60;0;10;0;95;35;60;80;70;10;175;105;70;0,3684;NA;0,875;NA;0,3684;0,875;0,6
2021-04-27;"OESTE";97;82;0;0;60;59;0;0;15;0;1;0;97;82;15;60;59;1;157;141;16;0,8454;NA;0,9833;NA;0,8454;0,9833;0,8981
2021-04-27;"SUDOESTE";116;80;0;0;110;95;1;1;36;0;15;0;116;80;36;111;96;15;227;176;51;0,6897;NA;0,8636;1;0,6897;0,8649;0,7753
2021-04-27;"SUL";226;126;10;5;176;143;3;3;100;5;33;0;236;131;105;179;146;33;415;277;138;0,5575;0,5;0,8125;1;0,5551;0,8156;0,6675
2021-04-28;"CENTRO-LESTE";127;67;16;14;133;119;5;2;60;2;14;3;143;81;62;138;121;17;281;202;79;0,5276;0,875;0,8947;0,4;0,5664;0,8768;0,7189
2021-04-28;"CENTRO-NORTE";40;7;0;0;30;27;0;0;33;0;3;0;40;7;33;30;27;3;70;34;36;0,175;NA;0,9;NA;0,175;0,9;0,4857
2021-04-28;"EXTREMO-SUL";30;20;0;0;55;50;0;0;10;0;5;0;30;20;10;55;50;5;85;70;15;0,6667;NA;0,9091;NA;0,6667;0,9091;0,8235
2021-04-28;"LESTE";1038;638;37;21;926;733;27;16;400;16;193;11;1075;659;416;953;749;204;2028;1408;620;0,6146;0,5676;0,7916;0,5926;0,613;0,7859;0,6943
2021-04-28;"NORDESTE";9;5;4;0;8;7;0;0;4;4;1;0;13;5;8;8;7;1;21;12;9;0,5556;0;0,875;NA;0,3846;0,875;0,5714
2021-04-28;"NORTE";95;36;0;0;80;70;0;0;59;0;10;0;95;36;59;80;70;10;175;106;69;0,3789;NA;0,875;NA;0,3789;0,875;0,6057
2021-04-28;"OESTE";97;85;0;0;60;58;0;0;12;0;2;0;97;85;12;60;58;2;157;143;14;0,8763;NA;0,9667;NA;0,8763;0,9667;0,9108
2021-04-28;"SUDOESTE";116;78;0;0;110;93;1;1;38;0;17;0;116;78;38;111;94;17;227;172;55;0,6724;NA;0,8455;1;0,6724;0,8468;0,7577
2021-04-28;"SUL";226;119;10;5;176;139;3;3;107;5;37;0;236;124;112;179;142;37;415;266;149;0,5265;0,5;0,7898;1;0,5254;0,7933;0,641
2021-04-29;"CENTRO-LESTE";127;68;16;11;133;115;5;2;59;5;18;3;143;79;64;138;117;21;281;196;85;0,5354;0,6875;0,8647;0,4;0,5524;0,8478;0,6975
2021-04-29;"CENTRO-NORTE";40;5;0;0;30;30;0;0;35;0;0;0;40;5;35;30;30;0;70;35;35;0,125;NA;1;NA;0,125;1;0,5
2021-04-29;"EXTREMO-SUL";30;24;0;0;55;49;0;0;6;0;6;0;30;24;6;55;49;6;85;73;12;0,8;NA;0,8909;NA;0,8;0,8909;0,8588
2021-04-29;"LESTE";1038;657;37;23;926;716;27;16;381;14;210;11;1075;680;395;953;732;221;2028;1412;616;0,6329;0,6216;0,7732;0,5926;0,6326;0,7681;0,6963
2021-04-29;"NORDESTE";9;5;4;0;8;6;0;0;4;4;2;0;13;5;8;8;6;2;21;11;10;0,5556;0;0,75;NA;0,3846;0,75;0,5238
2021-04-29;"NORTE";95;35;0;0;80;65;0;0;60;0;15;0;95;35;60;80;65;15;175;100;75;0,3684;NA;0,8125;NA;0,3684;0,8125;0,5714
2021-04-29;"OESTE";97;81;0;0;60;57;0;0;16;0;3;0;97;81;16;60;57;3;157;138;19;0,8351;NA;0,95;NA;0,8351;0,95;0,879
2021-04-29;"SUDOESTE";116;70;0;0;110;97;1;1;46;0;13;0;116;70;46;111;98;13;227;168;59;0,6034;NA;0,8818;1;0,6034;0,8829;0,7401
2021-04-29;"SUL";226;122;10;7;176;138;3;2;104;3;38;1;236;129;107;179;140;39;415;269;146;0,5398;0,7;0,7841;0,6667;0,5466;0,7821;0,6482
2021-04-30;"CENTRO-LESTE";127;76;16;9;133;113;5;3;51;7;20;2;143;85;58;138;116;22;281;201;80;0,5984;0,5625;0,8496;0,6;0,5944;0,8406;0,7153
2021-04-30;"CENTRO-NORTE";40;12;0;0;30;24;0;0;28;0;6;0;40;12;28;30;24;6;70;36;34;0,3;NA;0,8;NA;0,3;0,8;0,5143
2021-04-30;"EXTREMO-SUL";30;22;0;0;55;48;0;0;8;0;7;0;30;22;8;55;48;7;85;70;15;0,7333;NA;0,8727;NA;0,7333;0,8727;0,8235
2021-04-30;"LESTE";1038;680;37;20;926;694;27;15;358;17;232;12;1075;700;375;953;709;244;2028;1409;619;0,6551;0,5405;0,7495;0,5556;0,6512;0,744;0,6948
2021-04-30;"NORDESTE";9;6;4;0;8;6;0;0;3;4;2;0;13;6;7;8;6;2;21;12;9;0,6667;0;0,75;NA;0,4615;0,75;0,5714
2021-04-30;"NORTE";95;39;0;0;80;61;0;0;56;0;19;0;95;39;56;80;61;19;175;100;75;0,4105;NA;0,7625;NA;0,4105;0,7625;0,5714
2021-04-30;"OESTE";97;83;0;0;60;56;0;0;14;0;4;0;97;83;14;60;56;4;157;139;18;0,8557;NA;0,9333;NA;0,8557;0,9333;0,8854
2021-04-30;"SUDOESTE";116;73;0;0;110;98;1;1;43;0;12;0;116;73;43;111;99;12;227;172;55;0,6293;NA;0,8909;1;0,6293;0,8919;0,7577
2021-04-30;"SUL";226;120;10;7;176;139;3;2;106;3;37;1;236;127;109;179;141;38;415;268;147;0,531;0,7;0,7898;0,6667;0,5381;0,7877;0,6458
2021-05-01;"CENTRO-LESTE";127;79;16;7;133;110;5;1;48;9;23;4;143;86;57;138;111;27;281;197;84;0,622;0,4375;0,8271;0,2;0,6014;0,8043;0,7011
2021-05-01;"CENTRO-NORTE";40;15;0;0;30;23;0;0;25;0;7;0;40;15;25;30;23;7;70;38;32;0,375;NA;0,7667;NA;0,375;0,7667;0,5429
2021-05-01;"EXTREMO-SUL";30;23;0;0;55;49;0;0;7;0;6;0;30;23;7;55;49;6;85;72;13;0,7667;NA;0,8909;NA;0,7667;0,8909;0,8471
2021-05-01;"LESTE";1018;691;37;21;926;690;27;17;327;16;236;10;1055;712;343;953;707;246;2008;1419;589;0,6788;0,5676;0,7451;0,6296;0,6749;0,7419;0,7067
2021-05-01;"NORDESTE";9;6;4;0;8;6;0;0;3;4;2;0;13;6;7;8;6;2;21;12;9;0,6667;0;0,75;NA;0,4615;0,75;0,5714
2021-05-01;"NORTE";95;39;0;0;80;61;0;0;56;0;19;0;95;39;56;80;61;19;175;100;75;0,4105;NA;0,7625;NA;0,4105;0,7625;0,5714
2021-05-01;"OESTE";97;85;0;0;60;56;0;0;12;0;4;0;97;85;12;60;56;4;157;141;16;0,8763;NA;0,9333;NA;0,8763;0,9333;0,8981
2021-05-01;"SUDOESTE";116;64;0;0;110;95;1;1;52;0;15;0;116;64;52;111;96;15;227;160;67;0,5517;NA;0,8636;1;0,5517;0,8649;0,7048
2021-05-01;"SUL";226;124;10;7;176;139;3;2;102;3;37;1;236;131;105;179;141;38;415;272;143;0,5487;0,7;0,7898;0,6667;0,5551;0,7877;0,6554
2021-05-02;"CENTRO-LESTE";127;84;16;6;133;109;5;1;43;10;24;4;143;90;53;138;110;28;281;200;81;0,6614;0,375;0,8195;0,2;0,6294;0,7971;0,7117
2021-05-02;"CENTRO-NORTE";40;15;0;0;30;23;0;0;25;0;7;0;40;15;25;30;23;7;70;38;32;0,375;NA;0,7667;NA;0,375;0,7667;0,5429
2021-05-02;"EXTREMO-SUL";30;21;0;0;55;52;0;0;9;0;3;0;30;21;9;55;52;3;85;73;12;0,7;NA;0,9455;NA;0,7;0,9455;0,8588
2021-05-02;"LESTE";1018;680;37;23;926;712;27;17;338;14;214;10;1055;703;352;953;729;224;2008;1432;576;0,668;0,6216;0,7689;0,6296;0,6664;0,765;0,7131
2021-05-02;"NORDESTE";9;6;4;0;8;6;0;0;3;4;2;0;13;6;7;8;6;2;21;12;9;0,6667;0;0,75;NA;0,4615;0,75;0,5714
2021-05-02;"NORTE";95;40;0;0;80;59;0;0;55;0;21;0;95;40;55;80;59;21;175;99;76;0,4211;NA;0,7375;NA;0,4211;0,7375;0,5657
2021-05-02;"OESTE";97;81;0;0;60;58;0;0;16;0;2;0;97;81;16;60;58;2;157;139;18;0,8351;NA;0,9667;NA;0,8351;0,9667;0,8854
2021-05-02;"SUDOESTE";116;71;0;0;110;88;1;1;45;0;22;0;116;71;45;111;89;22;227;160;67;0,6121;NA;0,8;1;0,6121;0,8018;0,7048
2021-05-02;"SUL";226;124;10;10;176;133;3;3;102;0;43;0;236;134;102;179;136;43;415;270;145;0,5487;1;0,7557;1;0,5678;0,7598;0,6506
2021-05-03;"CENTRO-LESTE";127;75;16;8;133;104;5;2;52;8;29;3;143;83;60;138;106;32;281;189;92;0,5906;0,5;0,782;0,4;0,5804;0,7681;0,6726
2021-05-03;"CENTRO-NORTE";40;13;0;0;30;25;0;0;27;0;5;0;40;13;27;30;25;5;70;38;32;0,325;NA;0,8333;NA;0,325;0,8333;0,5429
2021-05-03;"EXTREMO-SUL";30;20;0;0;55;51;0;0;10;0;4;0;30;20;10;55;51;4;85;71;14;0,6667;NA;0,9273;NA;0,6667;0,9273;0,8353
2021-05-03;"LESTE";1018;701;37;22;926;725;27;16;317;15;201;11;1055;723;332;953;741;212;2008;1464;544;0,6886;0,5946;0,7829;0,5926;0,6853;0,7775;0,7291
2021-05-03;"NORDESTE";9;5;4;0;8;3;0;0;4;4;5;0;13;5;8;8;3;5;21;8;13;0,5556;0;0,375;NA;0,3846;0,375;0,381
2021-05-03;"NORTE";95;36;0;0;80;60;0;0;59;0;20;0;95;36;59;80;60;20;175;96;79;0,3789;NA;0,75;NA;0,3789;0,75;0,5486
2021-05-03;"OESTE";97;78;0;0;60;57;0;0;19;0;3;0;97;78;19;60;57;3;157;135;22;0,8041;NA;0,95;NA;0,8041;0,95;0,8599
2021-05-03;"SUDOESTE";116;72;0;0;110;92;1;1;44;0;18;0;116;72;44;111;93;18;227;165;62;0,6207;NA;0,8364;1;0,6207;0,8378;0,7269
2021-05-03;"SUL";226;115;10;9;176;144;3;3;111;1;32;0;236;124;112;179;147;32;415;271;144;0,5088;0,9;0,8182;1;0,5254;0,8212;0,653
2021-05-04;"CENTRO-LESTE";127;81;16;11;133;104;5;3;46;5;29;2;143;92;51;138;107;31;281;199;82;0,6378;0,6875;0,782;0,6;0,6434;0,7754;0,7082
2021-05-04;"CENTRO-NORTE";40;13;0;0;30;25;0;0;27;0;5;0;40;13;27;30;25;5;70;38;32;0,325;NA;0,8333;NA;0,325;0,8333;0,5429
2021-05-04;"EXTREMO-SUL";30;22;0;0;55;47;0;0;8;0;8;0;30;22;8;55;47;8;85;69;16;0,7333;NA;0,8545;NA;0,7333;0,8545;0,8118
2021-05-04;"LESTE";1018;663;37;23;926;720;27;17;355;14;206;10;1055;686;369;953;737;216;2008;1423;585;0,6513;0,6216;0,7775;0,6296;0,6502;0,7733;0,7087
2021-05-04;"NORDESTE";9;4;4;0;8;3;0;0;5;4;5;0;13;4;9;8;3;5;21;7;14;0,4444;0;0,375;NA;0,3077;0,375;0,3333
2021-05-04;"NORTE";95;39;0;0;80;60;0;0;56;0;20;0;95;39;56;80;60;20;175;99;76;0,4105;NA;0,75;NA;0,4105;0,75;0,5657
2021-05-04;"OESTE";97;77;0;0;70;68;0;0;20;0;2;0;97;77;20;70;68;2;167;145;22;0,7938;NA;0,9714;NA;0,7938;0,9714;0,8683
2021-05-04;"SUDOESTE";116;74;0;0;110;91;1;1;42;0;19;0;116;74;42;111;92;19;227;166;61;0,6379;NA;0,8273;1;0,6379;0,8288;0,7313
2021-05-04;"SUL";226;126;10;7;176;137;3;3;100;3;39;0;236;133;103;179;140;39;415;273;142;0,5575;0,7;0,7784;1;0,5636;0,7821;0,6578
2021-05-05;"CENTRO-LESTE";127;78;16;7;133;117;5;3;49;9;16;2;143;85;58;138;120;18;281;205;76;0,6142;0,4375;0,8797;0,6;0,5944;0,8696;0,7295
2021-05-05;"CENTRO-NORTE";40;12;0;0;30;25;0;0;28;0;5;0;40;12;28;30;25;5;70;37;33;0,3;NA;0,8333;NA;0,3;0,8333;0,5286
2021-05-05;"EXTREMO-SUL";30;22;0;0;55;49;0;0;8;0;6;0;30;22;8;55;49;6;85;71;14;0,7333;NA;0,8909;NA;0,7333;0,8909;0,8353
2021-05-05;"LESTE";1018;660;37;27;926;716;27;17;358;10;210;10;1055;687;368;953;733;220;2008;1420;588;0,6483;0,7297;0,7732;0,6296;0,6512;0,7692;0,7072
2021-05-05;"NORDESTE";9;4;4;0;8;6;0;0;5;4;2;0;13;4;9;8;6;2;21;10;11;0,4444;0;0,75;NA;0,3077;0,75;0,4762
2021-05-05;"NORTE";95;37;0;0;80;63;0;0;58;0;17;0;95;37;58;80;63;17;175;100;75;0,3895;NA;0,7875;NA;0,3895;0,7875;0,5714
2021-05-05;"OESTE";97;75;0;0;70;66;0;0;22;0;4;0;97;75;22;70;66;4;167;141;26;0,7732;NA;0,9429;NA;0,7732;0,9429;0,8443
2021-05-05;"SUDOESTE";116;68;0;0;110;98;1;1;48;0;12;0;116;68;48;111;99;12;227;167;60;0,5862;NA;0,8909;1;0,5862;0,8919;0,7357
2021-05-05;"SUL";226;133;10;3;176;138;3;3;93;7;38;0;236;136;100;179;141;38;415;277;138;0,5885;0,3;0,7841;1;0,5763;0,7877;0,6675
2021-05-06;"CENTRO-LESTE";127;80;16;6;133;110;5;5;47;10;23;0;143;86;57;138;115;23;281;201;80;0,6299;0,375;0,8271;1;0,6014;0,8333;0,7153
2021-05-06;"CENTRO-NORTE";40;10;0;0;30;22;0;0;30;0;8;0;40;10;30;30;22;8;70;32;38;0,25;NA;0,7333;NA;0,25;0,7333;0,4571
2021-05-06;"EXTREMO-SUL";30;23;0;0;55;47;0;0;7;0;8;0;30;23;7;55;47;8;85;70;15;0,7667;NA;0,8545;NA;0,7667;0,8545;0,8235
2021-05-06;"LESTE";1018;649;37;29;926;717;27;18;369;8;209;9;1055;678;377;953;735;218;2008;1413;595;0,6375;0,7838;0,7743;0,6667;0,6427;0,7712;0,7037
2021-05-06;"NORDESTE";9;6;4;0;8;5;0;0;3;4;3;0;13;6;7;8;5;3;21;11;10;0,6667;0;0,625;NA;0,4615;0,625;0,5238
2021-05-06;"NORTE";95;28;0;0;80;66;0;0;67;0;14;0;95;28;67;80;66;14;175;94;81;0,2947;NA;0,825;NA;0,2947;0,825;0,5371
2021-05-06;"OESTE";97;77;0;0;70;63;0;0;20;0;7;0;97;77;20;70;63;7;167;140;27;0,7938;NA;0,9;NA;0,7938;0,9;0,8383
2021-05-06;"SUDOESTE";116;61;0;0;110;102;1;1;55;0;8;0;116;61;55;111;103;8;227;164;63;0,5259;NA;0,9273;1;0,5259;0,9279;0,7225
2021-05-06;"SUL";226;128;10;3;176;139;3;3;98;7;37;0;236;131;105;179;142;37;415;273;142;0,5664;0,3;0,7898;1;0,5551;0,7933;0,6578
2021-05-07;"CENTRO-LESTE";127;69;16;7;133;112;5;5;58;9;21;0;143;76;67;138;117;21;281;193;88;0,5433;0,4375;0,8421;1;0,5315;0,8478;0,6868
2021-05-07;"CENTRO-NORTE";40;9;0;0;30;24;0;0;31;0;6;0;40;9;31;30;24;6;70;33;37;0,225;NA;0,8;NA;0,225;0,8;0,4714
2021-05-07;"EXTREMO-SUL";30;16;0;0;55;50;0;0;14;0;5;0;30;16;14;55;50;5;85;66;19;0,5333;NA;0,9091;NA;0,5333;0,9091;0,7765
2021-05-07;"LESTE";1032;669;37;31;926;709;27;18;363;6;217;9;1069;700;369;953;727;226;2022;1427;595;0,6483;0,8378;0,7657;0,6667;0,6548;0,7629;0,7057
2021-05-07;"NORDESTE";9;5;4;0;8;5;0;0;4;4;3;0;13;5;8;8;5;3;21;10;11;0,5556;0;0,625;NA;0,3846;0,625;0,4762
2021-05-07;"NORTE";95;30;0;0;80;59;0;0;65;0;21;0;95;30;65;80;59;21;175;89;86;0,3158;NA;0,7375;NA;0,3158;0,7375;0,5086
2021-05-07;"OESTE";97;80;0;0;70;66;0;0;17;0;4;0;97;80;17;70;66;4;167;146;21;0,8247;NA;0,9429;NA;0,8247;0,9429;0,8743
2021-05-07;"SUDOESTE";116;64;0;0;110;99;1;1;52;0;11;0;116;64;52;111;100;11;227;164;63;0,5517;NA;0,9;1;0,5517;0,9009;0,7225
2021-05-07;"SUL";226;120;10;2;176;129;3;2;106;8;47;1;236;122;114;179;131;48;415;253;162;0,531;0,2;0,733;0,6667;0,5169;0,7318;0,6096
2021-05-08;"CENTRO-LESTE";127;82;16;9;133;104;5;5;45;7;29;0;143;91;52;138;109;29;281;200;81;0,6457;0,5625;0,782;1;0,6364;0,7899;0,7117
2021-05-08;"CENTRO-NORTE";40;9;0;0;30;24;0;0;31;0;6;0;40;9;31;30;24;6;70;33;37;0,225;NA;0,8;NA;0,225;0,8;0,4714
2021-05-08;"EXTREMO-SUL";30;17;0;0;55;52;0;0;13;0;3;0;30;17;13;55;52;3;85;69;16;0,5667;NA;0,9455;NA;0,5667;0,9455;0,8118
2021-05-08;"LESTE";1032;715;37;29;926;703;27;16;317;8;223;11;1069;744;325;953;719;234;2022;1463;559;0,6928;0,7838;0,7592;0,5926;0,696;0,7545;0,7235
2021-05-08;"NORDESTE";9;3;4;0;8;4;0;0;6;4;4;0;13;3;10;8;4;4;21;7;14;0,3333;0;0,5;NA;0,2308;0,5;0,3333
2021-05-08;"NORTE";95;30;0;0;80;60;0;0;65;0;20;0;95;30;65;80;60;20;175;90;85;0,3158;NA;0,75;NA;0,3158;0,75;0,5143
2021-05-08;"OESTE";97;78;0;0;70;65;0;0;19;0;5;0;97;78;19;70;65;5;167;143;24;0,8041;NA;0,9286;NA;0,8041;0,9286;0,8563
2021-05-08;"SUDOESTE";116;63;0;0;110;99;1;1;53;0;11;0;116;63;53;111;100;11;227;163;64;0,5431;NA;0,9;1;0,5431;0,9009;0,7181
2021-05-08;"SUL";226;129;10;2;176;132;3;2;97;8;44;1;236;131;105;179;134;45;415;265;150;0,5708;0,2;0,75;0,6667;0,5551;0,7486;0,6386
2021-05-09;"CENTRO-LESTE";127;83;16;11;133;113;5;3;44;5;20;2;143;94;49;138;116;22;281;210;71;0,6535;0,6875;0,8496;0,6;0,6573;0,8406;0,7473
2021-05-09;"CENTRO-NORTE";40;9;0;0;30;23;0;0;31;0;7;0;40;9;31;30;23;7;70;32;38;0,225;NA;0,7667;NA;0,225;0,7667;0,4571
2021-05-09;"EXTREMO-SUL";30;16;0;0;55;47;0;0;14;0;8;0;30;16;14;55;47;8;85;63;22;0,5333;NA;0,8545;NA;0,5333;0,8545;0,7412
2021-05-09;"LESTE";1032;693;37;28;926;714;27;14;339;9;212;13;1069;721;348;953;728;225;2022;1449;573;0,6715;0,7568;0,7711;0,5185;0,6745;0,7639;0,7166
2021-05-09;"NORDESTE";9;3;4;0;8;5;0;0;6;4;3;0;13;3;10;8;5;3;21;8;13;0,3333;0;0,625;NA;0,2308;0,625;0,381
2021-05-09;"NORTE";95;39;0;0;80;56;0;0;56;0;24;0;95;39;56;80;56;24;175;95;80;0,4105;NA;0,7;NA;0,4105;0,7;0,5429
2021-05-09;"OESTE";97;77;0;0;70;66;0;0;20;0;4;0;97;77;20;70;66;4;167;143;24;0,7938;NA;0,9429;NA;0,7938;0,9429;0,8563
2021-05-09;"SUDOESTE";116;64;0;0;110;96;1;1;52;0;14;0;116;64;52;111;97;14;227;161;66;0,5517;NA;0,8727;1;0,5517;0,8739;0,7093
2021-05-09;"SUL";226;130;10;0;176;129;3;3;96;10;47;0;236;130;106;179;132;47;415;262;153;0,5752;0;0,733;1;0,5508;0,7374;0,6313
2021-05-10;"CENTRO-LESTE";127;87;16;9;133;114;5;2;40;7;19;3;143;96;47;138;116;22;281;212;69;0,685;0,5625;0,8571;0,4;0,6713;0,8406;0,7544
2021-05-10;"CENTRO-NORTE";40;9;0;0;30;25;0;0;31;0;5;0;40;9;31;30;25;5;70;34;36;0,225;NA;0,8333;NA;0,225;0,8333;0,4857
2021-05-10;"EXTREMO-SUL";30;18;0;0;55;49;0;0;12;0;6;0;30;18;12;55;49;6;85;67;18;0,6;NA;0,8909;NA;0,6;0,8909;0,7882
2021-05-10;"LESTE";1032;684;37;27;926;711;27;15;348;10;215;12;1069;711;358;953;726;227;2022;1437;585;0,6628;0,7297;0,7678;0,5556;0,6651;0,7618;0,7107
2021-05-10;"NORDESTE";9;3;4;0;8;6;0;0;6;4;2;0;13;3;10;8;6;2;21;9;12;0,3333;0;0,75;NA;0,2308;0,75;0,4286
2021-05-10;"NORTE";95;32;0;0;80;58;0;0;63;0;22;0;95;32;63;80;58;22;175;90;85;0,3368;NA;0,725;NA;0,3368;0,725;0,5143
2021-05-10;"OESTE";97;77;0;0;70;66;0;0;20;0;4;0;97;77;20;70;66;4;167;143;24;0,7938;NA;0,9429;NA;0,7938;0,9429;0,8563
2021-05-10;"SUDOESTE";116;73;0;0;110;97;1;1;43;0;13;0;116;73;43;111;98;13;227;171;56;0,6293;NA;0,8818;1;0,6293;0,8829;0,7533
2021-05-10;"SUL";226;126;10;2;176;137;3;2;100;8;39;1;236;128;108;179;139;40;415;267;148;0,5575;0,2;0,7784;0,6667;0,5424;0,7765;0,6434
2021-05-11;"CENTRO-LESTE";127;73;16;13;133;111;5;2;54;3;22;3;143;86;57;138;113;25;281;199;82;0,5748;0,8125;0,8346;0,4;0,6014;0,8188;0,7082
2021-05-11;"CENTRO-NORTE";40;8;0;0;30;22;0;0;32;0;8;0;40;8;32;30;22;8;70;30;40;0,2;NA;0,7333;NA;0,2;0,7333;0,4286
2021-05-11;"EXTREMO-SUL";30;18;0;0;55;46;0;0;12;0;9;0;30;18;12;55;46;9;85;64;21;0,6;NA;0,8364;NA;0,6;0,8364;0,7529
2021-05-11;"LESTE";1032;684;37;24;926;714;27;16;348;13;212;11;1069;708;361;953;730;223;2022;1438;584;0,6628;0,6486;0,7711;0,5926;0,6623;0,766;0,7112
2021-05-11;"NORDESTE";9;4;4;0;8;8;0;0;5;4;0;0;13;4;9;8;8;0;21;12;9;0,4444;0;1;NA;0,3077;1;0,5714
2021-05-11;"NORTE";95;38;0;0;80;60;0;0;57;0;20;0;95;38;57;80;60;20;175;98;77;0,4;NA;0,75;NA;0,4;0,75;0,56
2021-05-11;"OESTE";97;79;0;0;70;68;0;0;18;0;2;0;97;79;18;70;68;2;167;147;20;0,8144;NA;0,9714;NA;0,8144;0,9714;0,8802
2021-05-11;"SUDOESTE";116;65;0;0;110;103;1;1;51;0;7;0;116;65;51;111;104;7;227;169;58;0,5603;NA;0,9364;1;0,5603;0,9369;0,7445
2021-05-11;"SUL";226;125;10;2;176;141;3;2;101;8;35;1;236;127;109;179;143;36;415;270;145;0,5531;0,2;0,8011;0,6667;0,5381;0,7989;0,6506
2021-05-12;"CENTRO-LESTE";127;80;16;14;133;105;5;2;47;2;28;3;143;94;49;138;107;31;281;201;80;0,6299;0,875;0,7895;0,4;0,6573;0,7754;0,7153
2021-05-12;"CENTRO-NORTE";40;7;0;0;30;24;0;0;33;0;6;0;40;7;33;30;24;6;70;31;39;0,175;NA;0,8;NA;0,175;0,8;0,4429
2021-05-12;"EXTREMO-SUL";30;20;0;0;55;47;0;0;10;0;8;0;30;20;10;55;47;8;85;67;18;0,6667;NA;0,8545;NA;0,6667;0,8545;0,7882
2021-05-12;"LESTE";1032;695;37;25;926;695;27;16;337;12;231;11;1069;720;349;953;711;242;2022;1431;591;0,6734;0,6757;0,7505;0,5926;0,6735;0,7461;0,7077
2021-05-12;"NORDESTE";9;5;4;0;8;8;0;0;4;4;0;0;13;5;8;8;8;0;21;13;8;0,5556;0;1;NA;0,3846;1;0,619
2021-05-12;"NORTE";95;29;0;0;80;65;0;0;66;0;15;0;95;29;66;80;65;15;175;94;81;0,3053;NA;0,8125;NA;0,3053;0,8125;0,5371
2021-05-12;"OESTE";97;80;0;0;70;70;0;0;17;0;0;0;97;80;17;70;70;0;167;150;17;0,8247;NA;1;NA;0,8247;1;0,8982
2021-05-12;"SUDOESTE";116;61;0;0;110;105;1;1;55;0;5;0;116;61;55;111;106;5;227;167;60;0,5259;NA;0,9545;1;0,5259;0,955;0,7357
2021-05-12;"SUL";226;124;10;2;176;132;3;3;102;8;44;0;236;126;110;179;135;44;415;261;154;0,5487;0,2;0,75;1;0,5339;0,7542;0,6289
2021-05-13;"CENTRO-LESTE";127;82;16;13;133;101;5;4;45;3;32;1;143;95;48;138;105;33;281;200;81;0,6457;0,8125;0,7594;0,8;0,6643;0,7609;0,7117
2021-05-13;"CENTRO-NORTE";40;6;0;0;30;22;0;0;34;0;8;0;40;6;34;30;22;8;70;28;42;0,15;NA;0,7333;NA;0,15;0,7333;0,4
2021-05-13;"EXTREMO-SUL";30;18;0;0;55;49;0;0;12;0;6;0;30;18;12;55;49;6;85;67;18;0,6;NA;0,8909;NA;0,6;0,8909;0,7882
2021-05-13;"LESTE";1032;689;37;28;926;719;27;15;343;9;207;12;1069;717;352;953;734;219;2022;1451;571;0,6676;0,7568;0,7765;0,5556;0,6707;0,7702;0,7176
2021-05-13;"NORDESTE";9;7;4;0;8;8;0;0;2;4;0;0;13;7;6;8;8;0;21;15;6;0,7778;0;1;NA;0,5385;1;0,7143
2021-05-13;"NORTE";95;29;0;0;80;67;0;0;66;0;13;0;95;29;66;80;67;13;175;96;79;0,3053;NA;0,8375;NA;0,3053;0,8375;0,5486
2021-05-13;"OESTE";97;78;0;0;70;67;0;0;19;0;3;0;97;78;19;70;67;3;167;145;22;0,8041;NA;0,9571;NA;0,8041;0,9571;0,8683
2021-05-13;"SUDOESTE";116;61;0;0;110;100;1;1;55;0;10;0;116;61;55;111;101;10;227;162;65;0,5259;NA;0,9091;1;0,5259;0,9099;0,7137
2021-05-13;"SUL";226;129;10;2;176;136;3;3;97;8;40;0;236;131;105;179;139;40;415;270;145;0,5708;0,2;0,7727;1;0,5551;0,7765;0,6506
2021-05-14;"CENTRO-LESTE";127;82;16;13;133;110;5;5;45;3;23;0;143;95;48;138;115;23;281;210;71;0,6457;0,8125;0,8271;1;0,6643;0,8333;0,7473
2021-05-14;"CENTRO-NORTE";40;6;0;0;30;21;0;0;34;0;9;0;40;6;34;30;21;9;70;27;43;0,15;NA;0,7;NA;0,15;0,7;0,3857
2021-05-14;"EXTREMO-SUL";30;20;0;0;55;50;0;0;10;0;5;0;30;20;10;55;50;5;85;70;15;0,6667;NA;0,9091;NA;0,6667;0,9091;0,8235
2021-05-14;"LESTE";1032;693;37;29;926;716;27;14;339;8;210;13;1069;722;347;953;730;223;2022;1452;570;0,6715;0,7838;0,7732;0,5185;0,6754;0,766;0,7181
2021-05-14;"NORDESTE";9;8;4;0;8;8;0;0;1;4;0;0;13;8;5;8;8;0;21;16;5;0,8889;0;1;NA;0,6154;1;0,7619
2021-05-14;"NORTE";95;34;0;0;80;63;0;0;61;0;17;0;95;34;61;80;63;17;175;97;78;0,3579;NA;0,7875;NA;0,3579;0,7875;0,5543
2021-05-14;"OESTE";97;78;0;0;70;67;0;0;19;0;3;0;97;78;19;70;67;3;167;145;22;0,8041;NA;0,9571;NA;0,8041;0,9571;0,8683
2021-05-14;"SUDOESTE";116;65;0;0;110;104;1;1;51;0;6;0;116;65;51;111;105;6;227;170;57;0,5603;NA;0,9455;1;0,5603;0,9459;0,7489
2021-05-14;"SUL";226;136;10;2;176;133;3;3;90;8;43;0;236;138;98;179;136;43;415;274;141;0,6018;0,2;0,7557;1;0,5847;0,7598;0,6602
2021-05-15;"CENTRO-LESTE";127;79;16;13;133;110;5;5;48;3;23;0;143;92;51;138;115;23;281;207;74;0,622;0,8125;0,8271;1;0,6434;0,8333;0,7367
2021-05-15;"CENTRO-NORTE";40;9;0;0;30;24;0;0;31;0;6;0;40;9;31;30;24;6;70;33;37;0,225;NA;0,8;NA;0,225;0,8;0,4714
2021-05-15;"EXTREMO-SUL";30;25;0;0;55;46;0;0;5;0;9;0;30;25;5;55;46;9;85;71;14;0,8333;NA;0,8364;NA;0,8333;0,8364;0,8353
2021-05-15;"LESTE";1032;692;37;27;926;719;27;17;340;10;207;10;1069;719;350;953;736;217;2022;1455;567;0,6705;0,7297;0,7765;0,6296;0,6726;0,7723;0,7196
2021-05-15;"NORDESTE";9;6;4;0;8;8;0;0;3;4;0;0;13;6;7;8;8;0;21;14;7;0,6667;0;1;NA;0,4615;1;0,6667
2021-05-15;"NORTE";95;32;0;0;80;64;0;0;63;0;16;0;95;32;63;80;64;16;175;96;79;0,3368;NA;0,8;NA;0,3368;0,8;0,5486
2021-05-15;"OESTE";97;77;0;0;70;67;0;0;20;0;3;0;97;77;20;70;67;3;167;144;23;0,7938;NA;0,9571;NA;0,7938;0,9571;0,8623
2021-05-15;"SUDOESTE";116;77;0;0;110;101;1;1;39;0;9;0;116;77;39;111;102;9;227;179;48;0,6638;NA;0,9182;1;0,6638;0,9189;0,7885
2021-05-15;"SUL";226;129;10;2;176;129;3;3;97;8;47;0;236;131;105;179;132;47;415;263;152;0,5708;0,2;0,733;1;0,5551;0,7374;0,6337
2021-05-16;"CENTRO-LESTE";127;89;16;13;133;117;5;4;38;3;16;1;143;102;41;138;121;17;281;223;58;0,7008;0,8125;0,8797;0,8;0,7133;0,8768;0,7936
2021-05-16;"CENTRO-NORTE";40;9;0;0;30;23;0;0;31;0;7;0;40;9;31;30;23;7;70;32;38;0,225;NA;0,7667;NA;0,225;0,7667;0,4571
2021-05-16;"EXTREMO-SUL";30;25;0;0;55;46;0;0;5;0;9;0;30;25;5;55;46;9;85;71;14;0,8333;NA;0,8364;NA;0,8333;0,8364;0,8353
2021-05-16;"LESTE";1032;759;37;27;926;751;27;16;273;10;175;11;1069;786;283;953;767;186;2022;1553;469;0,7355;0,7297;0,811;0,5926;0,7353;0,8048;0,7681
2021-05-16;"NORDESTE";9;6;4;0;8;8;0;0;3;4;0;0;13;6;7;8;8;0;21;14;7;0,6667;0;1;NA;0,4615;1;0,6667
2021-05-16;"NORTE";95;28;0;0;80;65;0;0;67;0;15;0;95;28;67;80;65;15;175;93;82;0,2947;NA;0,8125;NA;0,2947;0,8125;0,5314
2021-05-16;"OESTE";97;78;0;0;70;68;0;0;19;0;2;0;97;78;19;70;68;2;167;146;21;0,8041;NA;0,9714;NA;0,8041;0,9714;0,8743
2021-05-16;"SUDOESTE";116;80;0;0;110;97;1;1;36;0;13;0;116;80;36;111;98;13;227;178;49;0,6897;NA;0,8818;1;0,6897;0,8829;0,7841
2021-05-16;"SUL";226;129;10;2;176;129;3;3;97;8;47;0;236;131;105;179;132;47;415;263;152;0,5708;0,2;0,733;1;0,5551;0,7374;0,6337
2021-05-17;"CENTRO-LESTE";127;90;16;14;133;116;5;3;37;2;17;2;143;104;39;138;119;19;281;223;58;0,7087;0,875;0,8722;0,6;0,7273;0,8623;0,7936
2021-05-17;"CENTRO-NORTE";40;9;0;0;30;22;0;0;31;0;8;0;40;9;31;30;22;8;70;31;39;0,225;NA;0,7333;NA;0,225;0,7333;0,4429
2021-05-17;"EXTREMO-SUL";30;20;0;0;55;51;0;0;10;0;4;0;30;20;10;55;51;4;85;71;14;0,6667;NA;0,9273;NA;0,6667;0,9273;0,8353
2021-05-17;"LESTE";1032;736;37;26;926;764;27;17;296;11;162;10;1069;762;307;953;781;172;2022;1543;479;0,7132;0,7027;0,8251;0,6296;0,7128;0,8195;0,7631
2021-05-17;"NORDESTE";9;6;4;0;8;8;0;0;3;4;0;0;13;6;7;8;8;0;21;14;7;0,6667;0;1;NA;0,4615;1;0,6667
2021-05-17;"NORTE";95;30;0;0;80;64;0;0;65;0;16;0;95;30;65;80;64;16;175;94;81;0,3158;NA;0,8;NA;0,3158;0,8;0,5371
2021-05-17;"OESTE";97;72;0;0;70;67;0;0;25;0;3;0;97;72;25;70;67;3;167;139;28;0,7423;NA;0,9571;NA;0,7423;0,9571;0,8323
2021-05-17;"SUDOESTE";116;85;0;0;110;101;1;1;31;0;9;0;116;85;31;111;102;9;227;187;40;0,7328;NA;0,9182;1;0,7328;0,9189;0,8238
2021-05-17;"SUL";226;128;10;4;176;135;3;2;98;6;41;1;236;132;104;179;137;42;415;269;146;0,5664;0,4;0,767;0,6667;0,5593;0,7654;0,6482
2021-05-18;"CENTRO-LESTE";127;92;16;15;133;115;5;3;35;1;18;2;143;107;36;138;118;20;281;225;56;0,7244;0,9375;0,8647;0,6;0,7483;0,8551;0,8007
2021-05-18;"CENTRO-NORTE";30;9;0;0;30;24;0;0;21;0;6;0;30;9;21;30;24;6;60;33;27;0,3;NA;0,8;NA;0,3;0,8;0,55
2021-05-18;"EXTREMO-SUL";30;19;0;0;55;50;0;0;11;0;5;0;30;19;11;55;50;5;85;69;16;0,6333;NA;0,9091;NA;0,6333;0,9091;0,8118
2021-05-18;"LESTE";1032;737;37;28;926;784;27;17;295;9;142;10;1069;765;304;953;801;152;2022;1566;456;0,7141;0,7568;0,8467;0,6296;0,7156;0,8405;0,7745
2021-05-18;"NORDESTE";9;2;4;0;8;6;0;0;7;4;2;0;13;2;11;8;6;2;21;8;13;0,2222;0;0,75;NA;0,1538;0,75;0,381
2021-05-18;"NORTE";95;37;0;0;80;65;0;0;58;0;15;0;95;37;58;80;65;15;175;102;73;0,3895;NA;0,8125;NA;0,3895;0,8125;0,5829
2021-05-18;"OESTE";97;80;0;0;70;64;0;0;17;0;6;0;97;80;17;70;64;6;167;144;23;0,8247;NA;0,9143;NA;0,8247;0,9143;0,8623
2021-05-18;"SUDOESTE";116;78;0;0;110;101;1;1;38;0;9;0;116;78;38;111;102;9;227;180;47;0,6724;NA;0,9182;1;0,6724;0,9189;0,793
2021-05-18;"SUL";216;132;10;5;176;136;3;3;84;5;40;0;226;137;89;179;139;40;405;276;129;0,6111;0,5;0,7727;1;0,6062;0,7765;0,6815
2021-05-19;"CENTRO-LESTE";127;95;16;14;133;120;5;4;32;2;13;1;143;109;34;138;124;14;281;233;48;0,748;0,875;0,9023;0,8;0,7622;0,8986;0,8292
2021-05-19;"CENTRO-NORTE";30;9;0;0;30;23;0;0;21;0;7;0;30;9;21;30;23;7;60;32;28;0,3;NA;0,7667;NA;0,3;0,7667;0,5333
2021-05-19;"EXTREMO-SUL";30;20;0;0;55;52;0;0;10;0;3;0;30;20;10;55;52;3;85;72;13;0,6667;NA;0,9455;NA;0,6667;0,9455;0,8471
2021-05-19;"LESTE";1032;737;37;29;926;793;27;16;295;8;133;11;1069;766;303;953;809;144;2022;1575;447;0,7141;0,7838;0,8564;0,5926;0,7166;0,8489;0,7789
2021-05-19;"NORDESTE";9;6;4;0;8;8;0;0;3;4;0;0;13;6;7;8;8;0;21;14;7;0,6667;0;1;NA;0,4615;1;0,6667
2021-05-19;"NORTE";95;40;0;0;80;64;0;0;55;0;16;0;95;40;55;80;64;16;175;104;71;0,4211;NA;0,8;NA;0,4211;0,8;0,5943
2021-05-19;"OESTE";97;79;0;0;70;60;0;0;18;0;10;0;97;79;18;70;60;10;167;139;28;0,8144;NA;0,8571;NA;0,8144;0,8571;0,8323
2021-05-19;"SUDOESTE";116;75;0;0;110;97;1;1;41;0;13;0;116;75;41;111;98;13;227;173;54;0,6466;NA;0,8818;1;0,6466;0,8829;0,7621
2021-05-19;"SUL";216;132;10;8;176;138;3;2;84;2;38;1;226;140;86;179;140;39;405;280;125;0,6111;0,8;0,7841;0,6667;0,6195;0,7821;0,6914
2021-05-20;"CENTRO-LESTE";127;96;16;15;133;111;5;5;31;1;22;0;143;111;32;138;116;22;281;227;54;0,7559;0,9375;0,8346;1;0,7762;0,8406;0,8078
2021-05-20;"CENTRO-NORTE";30;8;0;0;30;24;0;0;22;0;6;0;30;8;22;30;24;6;60;32;28;0,2667;NA;0,8;NA;0,2667;0,8;0,5333
2021-05-20;"EXTREMO-SUL";30;19;0;0;55;49;0;0;11;0;6;0;30;19;11;55;49;6;85;68;17;0,6333;NA;0,8909;NA;0,6333;0,8909;0,8
2021-05-20;"LESTE";1032;757;37;30;936;776;27;16;275;7;160;11;1069;787;282;963;792;171;2032;1579;453;0,7335;0,8108;0,8291;0,5926;0,7362;0,8224;0,7771
2021-05-20;"NORDESTE";9;5;4;0;8;8;0;0;4;4;0;0;13;5;8;8;8;0;21;13;8;0,5556;0;1;NA;0,3846;1;0,619
2021-05-20;"NORTE";95;39;0;0;80;63;0;0;56;0;17;0;95;39;56;80;63;17;175;102;73;0,4105;NA;0,7875;NA;0,4105;0,7875;0,5829
2021-05-20;"OESTE";97;73;0;0;70;58;0;0;24;0;12;0;97;73;24;70;58;12;167;131;36;0,7526;NA;0,8286;NA;0,7526;0,8286;0,7844
2021-05-20;"SUDOESTE";116;85;0;0;110;104;1;1;31;0;6;0;116;85;31;111;105;6;227;190;37;0,7328;NA;0,9455;1;0,7328;0,9459;0,837
2021-05-20;"SUL";216;142;10;7;176;136;3;2;74;3;40;1;226;149;77;179;138;41;405;287;118;0,6574;0,7;0,7727;0,6667;0,6593;0,7709;0,7086
2021-05-21;"CENTRO-LESTE";127;90;16;11;133;114;5;5;37;5;19;0;143;101;42;138;119;19;281;220;61;0,7087;0,6875;0,8571;1;0,7063;0,8623;0,7829
2021-05-21;"CENTRO-NORTE";30;11;0;0;30;23;0;0;19;0;7;0;30;11;19;30;23;7;60;34;26;0,3667;NA;0,7667;NA;0,3667;0,7667;0,5667
2021-05-21;"EXTREMO-SUL";30;20;0;0;55;53;0;0;10;0;2;0;30;20;10;55;53;2;85;73;12;0,6667;NA;0,9636;NA;0,6667;0,9636;0,8588
2021-05-21;"LESTE";1032;757;37;29;936;765;27;16;275;8;171;11;1069;786;283;963;781;182;2032;1567;465;0,7335;0,7838;0,8173;0,5926;0,7353;0,811;0,7712
2021-05-21;"NORDESTE";9;6;4;1;8;8;0;0;3;3;0;0;13;7;6;8;8;0;21;15;6;0,6667;0,25;1;NA;0,5385;1;0,7143
2021-05-21;"NORTE";95;40;0;0;80;64;0;0;55;0;16;0;95;40;55;80;64;16;175;104;71;0,4211;NA;0,8;NA;0,4211;0,8;0,5943
2021-05-21;"OESTE";97;77;0;0;70;64;0;0;20;0;6;0;97;77;20;70;64;6;167;141;26;0,7938;NA;0,9143;NA;0,7938;0,9143;0,8443
2021-05-21;"SUDOESTE";116;81;0;0;110;99;1;1;35;0;11;0;116;81;35;111;100;11;227;181;46;0,6983;NA;0,9;1;0,6983;0,9009;0,7974
2021-05-21;"SUL";216;136;10;7;176;133;3;1;80;3;43;2;226;143;83;179;134;45;405;277;128;0,6296;0,7;0,7557;0,3333;0,6327;0,7486;0,684
2021-05-22;"CENTRO-LESTE";127;99;16;16;133;112;5;5;28;0;21;0;143;115;28;138;117;21;281;232;49;0,7795;1;0,8421;1;0,8042;0,8478;0,8256
2021-05-22;"CENTRO-NORTE";30;12;0;0;30;24;0;0;18;0;6;0;30;12;18;30;24;6;60;36;24;0,4;NA;0,8;NA;0,4;0,8;0,6
2021-05-22;"EXTREMO-SUL";30;25;0;0;55;49;0;0;5;0;6;0;30;25;5;55;49;6;85;74;11;0,8333;NA;0,8909;NA;0,8333;0,8909;0,8706
2021-05-22;"LESTE";1032;786;37;27;936;775;27;16;246;10;161;11;1069;813;256;963;791;172;2032;1604;428;0,7616;0,7297;0,828;0,5926;0,7605;0,8214;0,7894
2021-05-22;"NORDESTE";9;3;4;1;8;8;0;0;6;3;0;0;13;4;9;8;8;0;21;12;9;0,3333;0,25;1;NA;0,3077;1;0,5714
2021-05-22;"NORTE";95;37;0;0;80;72;0;0;58;0;8;0;95;37;58;80;72;8;175;109;66;0,3895;NA;0,9;NA;0,3895;0,9;0,6229
2021-05-22;"OESTE";87;83;0;0;70;69;0;0;4;0;1;0;87;83;4;70;69;1;157;152;5;0,954;NA;0,9857;NA;0,954;0,9857;0,9682
2021-05-22;"SUDOESTE";116;93;0;0;110;101;1;1;23;0;9;0;116;93;23;111;102;9;227;195;32;0,8017;NA;0,9182;1;0,8017;0,9189;0,859
2021-05-22;"SUL";216;149;10;5;176;138;3;3;67;5;38;0;226;154;72;179;141;38;405;295;110;0,6898;0,5;0,7841;1;0,6814;0,7877;0,7284
2021-05-23;"CENTRO-LESTE";127;94;16;16;133;113;5;5;33;0;20;0;143;110;33;138;118;20;281;228;53;0,7402;1;0,8496;1;0,7692;0,8551;0,8114
2021-05-23;"CENTRO-NORTE";30;10;0;0;30;24;0;0;20;0;6;0;30;10;20;30;24;6;60;34;26;0,3333;NA;0,8;NA;0,3333;0,8;0,5667
2021-05-23;"EXTREMO-SUL";30;26;0;0;55;48;0;0;4;0;7;0;30;26;4;55;48;7;85;74;11;0,8667;NA;0,8727;NA;0,8667;0,8727;0,8706
2021-05-23;"LESTE";1032;787;37;26;936;765;27;19;245;11;171;8;1069;813;256;963;784;179;2032;1597;435;0,7626;0,7027;0,8173;0,7037;0,7605;0,8141;0,7859
2021-05-23;"NORDESTE";9;3;4;1;8;8;0;0;6;3;0;0;13;4;9;8;8;0;21;12;9;0,3333;0,25;1;NA;0,3077;1;0,5714
2021-05-23;"NORTE";95;41;0;0;80;70;0;0;54;0;10;0;95;41;54;80;70;10;175;111;64;0,4316;NA;0,875;NA;0,4316;0,875;0,6343
2021-05-23;"OESTE";87;81;0;0;70;68;0;0;6;0;2;0;87;81;6;70;68;2;157;149;8;0,931;NA;0,9714;NA;0,931;0,9714;0,949
2021-05-23;"SUDOESTE";116;91;0;0;110;103;1;1;25;0;7;0;116;91;25;111;104;7;227;195;32;0,7845;NA;0,9364;1;0,7845;0,9369;0,859
2021-05-23;"SUL";216;150;10;5;176;137;3;3;66;5;39;0;226;155;71;179;140;39;405;295;110;0,6944;0,5;0,7784;1;0,6858;0,7821;0,7284
2021-05-24;"CENTRO-LESTE";127;85;16;13;133;114;5;5;42;3;19;0;143;98;45;138;119;19;281;217;64;0,6693;0,8125;0,8571;1;0,6853;0,8623;0,7722
2021-05-24;"CENTRO-NORTE";30;10;0;0;30;25;0;0;20;0;5;0;30;10;20;30;25;5;60;35;25;0,3333;NA;0,8333;NA;0,3333;0,8333;0,5833
2021-05-24;"EXTREMO-SUL";30;17;0;0;55;51;0;0;13;0;4;0;30;17;13;55;51;4;85;68;17;0,5667;NA;0,9273;NA;0,5667;0,9273;0,8
2021-05-24;"LESTE";1032;769;37;28;936;762;27;19;263;9;174;8;1069;797;272;963;781;182;2032;1578;454;0,7452;0,7568;0,8141;0,7037;0,7456;0,811;0,7766
2021-05-24;"NORDESTE";9;5;4;1;8;4;0;0;4;3;4;0;13;6;7;8;4;4;21;10;11;0,5556;0,25;0,5;NA;0,4615;0,5;0,4762
2021-05-24;"NORTE";95;38;0;0;80;70;0;0;57;0;10;0;95;38;57;80;70;10;175;108;67;0,4;NA;0,875;NA;0,4;0,875;0,6171
2021-05-24;"OESTE";87;74;0;0;70;65;0;0;13;0;5;0;87;74;13;70;65;5;157;139;18;0,8506;NA;0,9286;NA;0,8506;0,9286;0,8854
2021-05-24;"SUDOESTE";116;81;0;0;110;99;1;1;35;0;11;0;116;81;35;111;100;11;227;181;46;0,6983;NA;0,9;1;0,6983;0,9009;0,7974
2021-05-24;"SUL";216;132;10;4;176;137;3;3;84;6;39;0;226;136;90;179;140;39;405;276;129;0,6111;0,4;0,7784;1;0,6018;0,7821;0,6815
2021-05-25;"CENTRO-LESTE";127;91;16;12;133;113;5;5;36;4;20;0;143;103;40;138;118;20;281;221;60;0,7165;0,75;0,8496;1;0,7203;0,8551;0,7865
2021-05-25;"CENTRO-NORTE";30;13;0;0;30;24;0;0;17;0;6;0;30;13;17;30;24;6;60;37;23;0,4333;NA;0,8;NA;0,4333;0,8;0,6167
2021-05-25;"EXTREMO-SUL";30;17;0;0;55;51;0;0;13;0;4;0;30;17;13;55;51;4;85;68;17;0,5667;NA;0,9273;NA;0,5667;0,9273;0,8
2021-05-25;"LESTE";1032;757;37;31;936;759;27;16;275;6;177;11;1069;788;281;963;775;188;2032;1563;469;0,7335;0,8378;0,8109;0,5926;0,7371;0,8048;0,7692
2021-05-25;"NORDESTE";9;5;4;1;8;4;0;0;4;3;4;0;13;6;7;8;4;4;21;10;11;0,5556;0,25;0,5;NA;0,4615;0,5;0,4762
2021-05-25;"NORTE";95;35;0;0;80;69;0;0;60;0;11;0;95;35;60;80;69;11;175;104;71;0,3684;NA;0,8625;NA;0,3684;0,8625;0,5943
2021-05-25;"OESTE";87;76;0;0;70;67;0;0;11;0;3;0;87;76;11;70;67;3;157;143;14;0,8736;NA;0,9571;NA;0,8736;0,9571;0,9108
2021-05-25;"SUDOESTE";116;82;0;0;110;100;1;1;34;0;10;0;116;82;34;111;101;10;227;183;44;0,7069;NA;0,9091;1;0,7069;0,9099;0,8062
2021-05-25;"SUL";216;124;10;4;176;135;3;3;92;6;41;0;226;128;98;179;138;41;405;266;139;0,5741;0,4;0,767;1;0,5664;0,7709;0,6568
2021-05-26;"CENTRO-LESTE";127;86;16;16;133;124;5;3;41;0;9;2;143;102;41;138;127;11;281;229;52;0,6772;1;0,9323;0,6;0,7133;0,9203;0,8149
2021-05-26;"CENTRO-NORTE";30;13;0;0;30;25;0;0;17;0;5;0;30;13;17;30;25;5;60;38;22;0,4333;NA;0,8333;NA;0,4333;0,8333;0,6333
2021-05-26;"EXTREMO-SUL";30;19;0;0;55;49;0;0;11;0;6;0;30;19;11;55;49;6;85;68;17;0,6333;NA;0,8909;NA;0,6333;0,8909;0,8
2021-05-26;"LESTE";1032;782;37;28;936;756;27;19;250;9;180;8;1069;810;259;963;775;188;2032;1585;447;0,7578;0,7568;0,8077;0,7037;0,7577;0,8048;0,78
2021-05-26;"NORDESTE";9;7;4;1;8;8;0;0;2;3;0;0;13;8;5;8;8;0;21;16;5;0,7778;0,25;1;NA;0,6154;1;0,7619
2021-05-26;"NORTE";95;35;0;0;80;69;0;0;60;0;11;0;95;35;60;80;69;11;175;104;71;0,3684;NA;0,8625;NA;0,3684;0,8625;0,5943
2021-05-26;"OESTE";87;79;0;0;70;67;0;0;8;0;3;0;87;79;8;70;67;3;157;146;11;0,908;NA;0,9571;NA;0,908;0,9571;0,9299
2021-05-26;"SUDOESTE";116;86;0;0;110;103;1;1;30;0;7;0;116;86;30;111;104;7;227;190;37;0,7414;NA;0,9364;1;0,7414;0,9369;0,837
2021-05-26;"SUL";216;146;10;5;176;136;3;2;70;5;40;1;226;151;75;179;138;41;405;289;116;0,6759;0,5;0,7727;0,6667;0,6681;0,7709;0,7136
2021-05-27;"CENTRO-LESTE";127;98;16;16;133;111;5;5;29;0;22;0;143;114;29;138;116;22;281;230;51;0,7717;1;0,8346;1;0,7972;0,8406;0,8185
2021-05-27;"CENTRO-NORTE";30;15;0;0;30;25;0;0;15;0;5;0;30;15;15;30;25;5;60;40;20;0,5;NA;0,8333;NA;0,5;0,8333;0,6667
2021-05-27;"EXTREMO-SUL";30;21;0;0;55;52;0;0;9;0;3;0;30;21;9;55;52;3;85;73;12;0,7;NA;0,9455;NA;0,7;0,9455;0,8588
2021-05-27;"LESTE";1032;782;37;26;936;759;27;20;250;11;177;7;1069;808;261;963;779;184;2032;1587;445;0,7578;0,7027;0,8109;0,7407;0,7558;0,8089;0,781
2021-05-27;"NORDESTE";9;9;4;1;8;8;0;0;0;3;0;0;13;10;3;8;8;0;21;18;3;1;0,25;1;NA;0,7692;1;0,8571
2021-05-27;"NORTE";95;34;0;0;80;67;0;0;61;0;13;0;95;34;61;80;67;13;175;101;74;0,3579;NA;0,8375;NA;0,3579;0,8375;0,5771
2021-05-27;"OESTE";97;84;0;0;70;55;0;0;13;0;15;0;97;84;13;70;55;15;167;139;28;0,866;NA;0,7857;NA;0,866;0,7857;0,8323
2021-05-27;"SUDOESTE";116;100;0;0;110;108;1;1;16;0;2;0;116;100;16;111;109;2;227;209;18;0,8621;NA;0,9818;1;0,8621;0,982;0,9207
2021-05-27;"SUL";216;145;10;5;176;135;3;2;71;5;41;1;226;150;76;179;137;42;405;287;118;0,6713;0,5;0,767;0,6667;0,6637;0,7654;0,7086
2021-05-28;"CENTRO-LESTE";127;90;16;14;133;112;5;3;37;2;21;2;143;104;39;138;115;23;281;219;62;0,7087;0,875;0,8421;0,6;0,7273;0,8333;0,7794
2021-05-28;"CENTRO-NORTE";30;13;0;0;30;24;0;0;17;0;6;0;30;13;17;30;24;6;60;37;23;0,4333;NA;0,8;NA;0,4333;0,8;0,6167
2021-05-28;"EXTREMO-SUL";30;18;0;0;55;52;0;0;12;0;3;0;30;18;12;55;52;3;85;70;15;0,6;NA;0,9455;NA;0,6;0,9455;0,8235
2021-05-28;"LESTE";1032;769;37;24;936;767;27;20;263;13;169;7;1069;793;276;963;787;176;2032;1580;452;0,7452;0,6486;0,8194;0,7407;0,7418;0,8172;0,7776
2021-05-28;"NORDESTE";9;9;4;1;8;8;0;0;0;3;0;0;13;10;3;8;8;0;21;18;3;1;0,25;1;NA;0,7692;1;0,8571
2021-05-28;"NORTE";95;34;0;0;80;68;0;0;61;0;12;0;95;34;61;80;68;12;175;102;73;0,3579;NA;0,85;NA;0,3579;0,85;0,5829
2021-05-28;"OESTE";97;86;0;0;70;69;0;0;11;0;1;0;97;86;11;70;69;1;167;155;12;0,8866;NA;0,9857;NA;0,8866;0,9857;0,9281
2021-05-28;"SUDOESTE";116;99;0;0;110;106;1;1;17;0;4;0;116;99;17;111;107;4;227;206;21;0,8534;NA;0,9636;1;0,8534;0,964;0,9075
2021-05-28;"SUL";216;150;10;5;176;133;3;2;66;5;43;1;226;155;71;179;135;44;405;290;115;0,6944;0,5;0,7557;0,6667;0,6858;0,7542;0,716
2021-05-29;"CENTRO-LESTE";127;94;16;15;133;110;5;3;33;1;23;2;143;109;34;138;113;25;281;222;59;0,7402;0,9375;0,8271;0,6;0,7622;0,8188;0,79
2021-05-29;"CENTRO-NORTE";30;12;0;0;30;25;0;0;18;0;5;0;30;12;18;30;25;5;60;37;23;0,4;NA;0,8333;NA;0,4;0,8333;0,6167
2021-05-29;"EXTREMO-SUL";30;26;0;0;55;54;0;0;4;0;1;0;30;26;4;55;54;1;85;80;5;0,8667;NA;0,9818;NA;0,8667;0,9818;0,9412
2021-05-29;"LESTE";1032;769;37;28;936;781;27;20;263;9;155;7;1069;797;272;963;801;162;2032;1598;434;0,7452;0,7568;0,8344;0,7407;0,7456;0,8318;0,7864
2021-05-29;"NORDESTE";9;9;4;1;8;8;0;0;0;3;0;0;13;10;3;8;8;0;21;18;3;1;0,25;1;NA;0,7692;1;0,8571
2021-05-29;"NORTE";95;27;0;0;80;67;0;0;68;0;13;0;95;27;68;80;67;13;175;94;81;0,2842;NA;0,8375;NA;0,2842;0,8375;0,5371
2021-05-29;"OESTE";97;85;0;0;70;69;0;0;12;0;1;0;97;85;12;70;69;1;167;154;13;0,8763;NA;0,9857;NA;0,8763;0,9857;0,9222
2021-05-29;"SUDOESTE";116;97;0;0;110;103;1;1;19;0;7;0;116;97;19;111;104;7;227;201;26;0,8362;NA;0,9364;1;0,8362;0,9369;0,8855
2021-05-29;"SUL";216;159;10;5;176;136;3;2;57;5;40;1;226;164;62;179;138;41;405;302;103;0,7361;0,5;0,7727;0,6667;0,7257;0,7709;0,7457
2021-05-30;"CENTRO-LESTE";127;82;16;12;133;113;5;5;45;4;20;0;143;94;49;138;118;20;281;212;69;0,6457;0,75;0,8496;1;0,6573;0,8551;0,7544
2021-05-30;"CENTRO-NORTE";30;11;0;0;30;24;0;0;19;0;6;0;30;11;19;30;24;6;60;35;25;0,3667;NA;0,8;NA;0,3667;0,8;0,5833
2021-05-30;"EXTREMO-SUL";30;26;0;0;55;52;0;0;4;0;3;0;30;26;4;55;52;3;85;78;7;0,8667;NA;0,9455;NA;0,8667;0,9455;0,9176
2021-05-30;"LESTE";1032;757;37;28;936;781;27;20;275;9;155;7;1069;785;284;963;801;162;2032;1586;446;0,7335;0,7568;0,8344;0,7407;0,7343;0,8318;0,7805
2021-05-30;"NORDESTE";9;9;4;1;8;8;0;0;0;3;0;0;13;10;3;8;8;0;21;18;3;1;0,25;1;NA;0,7692;1;0,8571
2021-05-30;"NORTE";95;28;0;0;80;71;0;0;67;0;9;0;95;28;67;80;71;9;175;99;76;0,2947;NA;0,8875;NA;0,2947;0,8875;0,5657
2021-05-30;"OESTE";97;85;0;0;70;67;0;0;12;0;3;0;97;85;12;70;67;3;167;152;15;0,8763;NA;0,9571;NA;0,8763;0,9571;0,9102
2021-05-30;"SUDOESTE";116;96;0;0;110;102;1;1;20;0;8;0;116;96;20;111;103;8;227;199;28;0,8276;NA;0,9273;1;0,8276;0,9279;0,8767
2021-05-30;"SUL";216;159;10;5;176;141;3;2;57;5;35;1;226;164;62;179;143;36;405;307;98;0,7361;0,5;0,8011;0,6667;0,7257;0,7989;0,758
2021-05-31;"CENTRO-LESTE";127;85;16;10;133;115;5;5;42;6;18;0;143;95;48;138;120;18;281;215;66;0,6693;0,625;0,8647;1;0,6643;0,8696;0,7651
2021-05-31;"CENTRO-NORTE";30;11;0;0;30;23;0;0;19;0;7;0;30;11;19;30;23;7;60;34;26;0,3667;NA;0,7667;NA;0,3667;0,7667;0,5667
2021-05-31;"EXTREMO-SUL";30;21;0;0;55;51;0;0;9;0;4;0;30;21;9;55;51;4;85;72;13;0,7;NA;0,9273;NA;0,7;0,9273;0,8471
2021-05-31;"LESTE";1032;764;37;26;936;790;27;18;268;11;146;9;1069;790;279;963;808;155;2032;1598;434;0,7403;0,7027;0,844;0,6667;0,739;0,839;0,7864
2021-05-31;"NORDESTE";9;6;4;0;8;3;0;0;3;4;5;0;13;6;7;8;3;5;21;9;12;0,6667;0;0,375;NA;0,4615;0,375;0,4286
2021-05-31;"NORTE";95;34;0;0;80;72;0;0;61;0;8;0;95;34;61;80;72;8;175;106;69;0,3579;NA;0,9;NA;0,3579;0,9;0,6057
2021-05-31;"OESTE";97;83;0;0;70;64;0;0;14;0;6;0;97;83;14;70;64;6;167;147;20;0,8557;NA;0,9143;NA;0,8557;0,9143;0,8802
2021-05-31;"SUDOESTE";116;86;0;0;110;103;1;1;30;0;7;0;116;86;30;111;104;7;227;190;37;0,7414;NA;0,9364;1;0,7414;0,9369;0,837
2021-05-31;"SUL";216;148;10;5;176;136;3;3;68;5;40;0;226;153;73;179;139;40;405;292;113;0,6852;0,5;0,7727;1;0,677;0,7765;0,721
2021-06-01;"CENTRO-LESTE";127;89;16;10;133;114;5;5;38;6;19;0;143;99;44;138;119;19;281;218;63;0,7008;0,625;0,8571;1;0,6923;0,8623;0,7758
2021-06-01;"CENTRO-NORTE";30;13;0;0;30;23;0;0;17;0;7;0;30;13;17;30;23;7;60;36;24;0,4333;NA;0,7667;NA;0,4333;0,7667;0,6
2021-06-01;"EXTREMO-SUL";30;20;0;0;55;49;0;0;10;0;6;0;30;20;10;55;49;6;85;69;16;0,6667;NA;0,8909;NA;0,6667;0,8909;0,8118
2021-06-01;"LESTE";1032;760;37;27;936;776;27;17;272;10;160;10;1069;787;282;963;793;170;2032;1580;452;0,7364;0,7297;0,8291;0,6296;0,7362;0,8235;0,7776
2021-06-01;"NORDESTE";9;5;4;4;8;7;0;0;4;0;1;0;13;9;4;8;7;1;21;16;5;0,5556;1;0,875;NA;0,6923;0,875;0,7619
2021-06-01;"NORTE";95;35;0;0;80;67;0;0;60;0;13;0;95;35;60;80;67;13;175;102;73;0,3684;NA;0,8375;NA;0,3684;0,8375;0,5829
2021-06-01;"OESTE";92;81;0;0;70;67;0;0;11;0;3;0;92;81;11;70;67;3;162;148;14;0,8804;NA;0,9571;NA;0,8804;0,9571;0,9136
2021-06-01;"SUDOESTE";116;97;0;0;110;99;1;1;19;0;11;0;116;97;19;111;100;11;227;197;30;0,8362;NA;0,9;1;0,8362;0,9009;0,8678
2021-06-01;"SUL";216;155;10;4;176;137;3;3;61;6;39;0;226;159;67;179;140;39;405;299;106;0,7176;0,4;0,7784;1;0,7035;0,7821;0,7383
2021-06-02;"CENTRO-LESTE";127;102;16;13;133;110;5;5;25;3;23;0;143;115;28;138;115;23;281;230;51;0,8031;0,8125;0,8271;1;0,8042;0,8333;0,8185
2021-06-02;"CENTRO-NORTE";30;11;0;0;30;23;0;0;19;0;7;0;30;11;19;30;23;7;60;34;26;0,3667;NA;0,7667;NA;0,3667;0,7667;0,5667
2021-06-02;"EXTREMO-SUL";30;21;0;0;55;48;0;0;9;0;7;0;30;21;9;55;48;7;85;69;16;0,7;NA;0,8727;NA;0,7;0,8727;0,8118
2021-06-02;"LESTE";1032;782;37;30;936;787;27;17;250;7;149;10;1069;812;257;963;804;159;2032;1616;416;0,7578;0,8108;0,8408;0,6296;0,7596;0,8349;0,7953
2021-06-02;"NORDESTE";9;4;4;4;8;6;0;0;5;0;2;0;13;8;5;8;6;2;21;14;7;0,4444;1;0,75;NA;0,6154;0,75;0,6667
2021-06-02;"NORTE";95;29;0;0;80;67;0;0;66;0;13;0;95;29;66;80;67;13;175;96;79;0,3053;NA;0,8375;NA;0,3053;0,8375;0,5486
2021-06-02;"OESTE";92;78;0;0;70;68;0;0;14;0;2;0;92;78;14;70;68;2;162;146;16;0,8478;NA;0,9714;NA;0,8478;0,9714;0,9012
2021-06-02;"SUDOESTE";116;91;0;0;110;105;1;1;25;0;5;0;116;91;25;111;106;5;227;197;30;0,7845;NA;0,9545;1;0,7845;0,955;0,8678
2021-06-02;"SUL";216;159;10;10;176;137;3;3;57;0;39;0;226;169;57;179;140;39;405;309;96;0,7361;1;0,7784;1;0,7478;0,7821;0,763
2021-06-03;"CENTRO-LESTE";127;103;16;13;133;114;5;5;24;3;19;0;143;116;27;138;119;19;281;235;46;0,811;0,8125;0,8571;1;0,8112;0,8623;0,8363
2021-06-03;"CENTRO-NORTE";30;9;0;0;30;22;0;0;21;0;8;0;30;9;21;30;22;8;60;31;29;0,3;NA;0,7333;NA;0,3;0,7333;0,5167
2021-06-03;"EXTREMO-SUL";30;23;0;0;55;48;0;0;7;0;7;0;30;23;7;55;48;7;85;71;14;0,7667;NA;0,8727;NA;0,7667;0,8727;0,8353
2021-06-03;"LESTE";1032;813;37;27;936;790;27;18;219;10;146;9;1069;840;229;963;808;155;2032;1648;384;0,7878;0,7297;0,844;0,6667;0,7858;0,839;0,811
2021-06-03;"NORDESTE";9;5;4;4;8;8;0;0;4;0;0;0;13;9;4;8;8;0;21;17;4;0,5556;1;1;NA;0,6923;1;0,8095
2021-06-03;"NORTE";95;30;0;0;80;69;0;0;65;0;11;0;95;30;65;80;69;11;175;99;76;0,3158;NA;0,8625;NA;0,3158;0,8625;0,5657
2021-06-03;"OESTE";92;80;0;0;70;69;0;0;12;0;1;0;92;80;12;70;69;1;162;149;13;0,8696;NA;0,9857;NA;0,8696;0,9857;0,9198
2021-06-03;"SUDOESTE";116;88;0;0;110;104;1;1;28;0;6;0;116;88;28;111;105;6;227;193;34;0,7586;NA;0,9455;1;0,7586;0,9459;0,8502
2021-06-03;"SUL";216;159;10;10;176;143;3;3;57;0;33;0;226;169;57;179;146;33;405;315;90;0,7361;1;0,8125;1;0,7478;0,8156;0,7778
2021-06-04;"CENTRO-LESTE";127;107;16;13;133;118;5;5;20;3;15;0;143;120;23;138;123;15;281;243;38;0,8425;0,8125;0,8872;1;0,8392;0,8913;0,8648
2021-06-04;"CENTRO-NORTE";30;10;0;0;30;21;0;0;20;0;9;0;30;10;20;30;21;9;60;31;29;0,3333;NA;0,7;NA;0,3333;0,7;0,5167
2021-06-04;"EXTREMO-SUL";30;23;0;0;55;49;0;0;7;0;6;0;30;23;7;55;49;6;85;72;13;0,7667;NA;0,8909;NA;0,7667;0,8909;0,8471
2021-06-04;"LESTE";1032;772;37;32;936;782;27;17;260;5;154;10;1069;804;265;963;799;164;2032;1603;429;0,7481;0,8649;0,8355;0,6296;0,7521;0,8297;0,7889
2021-06-04;"NORDESTE";9;5;4;4;8;8;0;0;4;0;0;0;13;9;4;8;8;0;21;17;4;0,5556;1;1;NA;0,6923;1;0,8095
2021-06-04;"NORTE";95;33;0;0;80;67;0;0;62;0;13;0;95;33;62;80;67;13;175;100;75;0,3474;NA;0,8375;NA;0,3474;0,8375;0,5714
2021-06-04;"OESTE";92;66;0;0;70;68;0;0;26;0;2;0;92;66;26;70;68;2;162;134;28;0,7174;NA;0,9714;NA;0,7174;0,9714;0,8272
2021-06-04;"SUDOESTE";116;90;0;0;110;105;1;1;26;0;5;0;116;90;26;111;106;5;227;196;31;0,7759;NA;0,9545;1;0,7759;0,955;0,8634
2021-06-04;"SUL";216;147;10;10;176;140;3;3;69;0;36;0;226;157;69;179;143;36;405;300;105;0,6806;1;0,7955;1;0,6947;0,7989;0,7407
2021-06-05;"CENTRO-LESTE";127;99;16;10;133;117;5;5;28;6;16;0;143;109;34;138;122;16;281;231;50;0,7795;0,625;0,8797;1;0,7622;0,8841;0,8221
2021-06-05;"CENTRO-NORTE";30;16;0;0;30;23;0;0;14;0;7;0;30;16;14;30;23;7;60;39;21;0,5333;NA;0,7667;NA;0,5333;0,7667;0,65
2021-06-05;"EXTREMO-SUL";30;23;0;0;55;49;0;0;7;0;6;0;30;23;7;55;49;6;85;72;13;0,7667;NA;0,8909;NA;0,7667;0,8909;0,8471
2021-06-05;"LESTE";1032;772;37;34;936;773;27;19;260;3;163;8;1069;806;263;963;792;171;2032;1598;434;0,7481;0,9189;0,8259;0,7037;0,754;0,8224;0,7864
2021-06-05;"NORDESTE";9;5;4;4;8;8;0;0;4;0;0;0;13;9;4;8;8;0;21;17;4;0,5556;1;1;NA;0,6923;1;0,8095
2021-06-05;"NORTE";95;36;0;0;80;63;0;0;59;0;17;0;95;36;59;80;63;17;175;99;76;0,3789;NA;0,7875;NA;0,3789;0,7875;0,5657
2021-06-05;"OESTE";92;68;0;0;70;65;0;0;24;0;5;0;92;68;24;70;65;5;162;133;29;0,7391;NA;0,9286;NA;0,7391;0,9286;0,821
2021-06-05;"SUDOESTE";116;94;0;0;110;105;1;1;22;0;5;0;116;94;22;111;106;5;227;200;27;0,8103;NA;0,9545;1;0,8103;0,955;0,8811
2021-06-05;"SUL";216;147;10;10;176;141;3;3;69;0;35;0;226;157;69;179;144;35;405;301;104;0,6806;1;0,8011;1;0,6947;0,8045;0,7432
2021-06-06;"CENTRO-LESTE";127;102;16;10;133;114;5;5;25;6;19;0;143;112;31;138;119;19;281;231;50;0,8031;0,625;0,8571;1;0,7832;0,8623;0,8221
2021-06-06;"CENTRO-NORTE";30;15;0;0;30;23;0;0;15;0;7;0;30;15;15;30;23;7;60;38;22;0,5;NA;0,7667;NA;0,5;0,7667;0,6333
2021-06-06;"EXTREMO-SUL";30;23;0;0;55;51;0;0;7;0;4;0;30;23;7;55;51;4;85;74;11;0,7667;NA;0,9273;NA;0,7667;0,9273;0,8706
2021-06-06;"LESTE";1032;765;37;29;936;775;27;19;267;8;161;8;1069;794;275;963;794;169;2032;1588;444;0,7413;0,7838;0,828;0,7037;0,7428;0,8245;0,7815
2021-06-06;"NORDESTE";9;5;4;4;8;8;0;0;4;0;0;0;13;9;4;8;8;0;21;17;4;0,5556;1;1;NA;0,6923;1;0,8095
2021-06-06;"NORTE";95;34;0;0;80;67;0;0;61;0;13;0;95;34;61;80;67;13;175;101;74;0,3579;NA;0,8375;NA;0,3579;0,8375;0,5771
2021-06-06;"OESTE";92;65;0;0;70;68;0;0;27;0;2;0;92;65;27;70;68;2;162;133;29;0,7065;NA;0,9714;NA;0,7065;0,9714;0,821
2021-06-06;"SUDOESTE";116;72;0;0;110;107;1;1;44;0;3;0;116;72;44;111;108;3;227;180;47;0,6207;NA;0,9727;1;0,6207;0,973;0,793
2021-06-06;"SUL";216;130;10;10;176;139;3;3;86;0;37;0;226;140;86;179;142;37;405;282;123;0,6019;1;0,7898;1;0,6195;0,7933;0,6963
2021-06-07;"CENTRO-LESTE";127;99;16;16;133;112;5;5;28;0;21;0;143;115;28;138;117;21;281;232;49;0,7795;1;0,8421;1;0,8042;0,8478;0,8256
2021-06-07;"CENTRO-NORTE";30;14;0;0;30;22;0;0;16;0;8;0;30;14;16;30;22;8;60;36;24;0,4667;NA;0,7333;NA;0,4667;0,7333;0,6
2021-06-07;"EXTREMO-SUL";30;23;0;0;55;51;0;0;7;0;4;0;30;23;7;55;51;4;85;74;11;0,7667;NA;0,9273;NA;0,7667;0,9273;0,8706
2021-06-07;"LESTE";1032;738;37;31;936;772;27;19;294;6;164;8;1069;769;300;963;791;172;2032;1560;472;0,7151;0,8378;0,8248;0,7037;0,7194;0,8214;0,7677
2021-06-07;"NORDESTE";9;9;4;1;8;8;0;0;0;3;0;0;13;10;3;8;8;0;21;18;3;1;0,25;1;NA;0,7692;1;0,8571
2021-06-07;"NORTE";95;37;0;0;80;72;0;0;58;0;8;0;95;37;58;80;72;8;175;109;66;0,3895;NA;0,9;NA;0,3895;0,9;0,6229
2021-06-07;"OESTE";92;60;0;0;70;64;0;0;32;0;6;0;92;60;32;70;64;6;162;124;38;0,6522;NA;0,9143;NA;0,6522;0,9143;0,7654
2021-06-07;"SUDOESTE";116;77;0;0;110;106;0;0;39;0;4;0;116;77;39;110;106;4;226;183;43;0,6638;NA;0,9636;NA;0,6638;0,9636;0,8097
2021-06-07;"SUL";216;144;10;5;176;139;3;3;72;5;37;0;226;149;77;179;142;37;405;291;114;0,6667;0,5;0,7898;1;0,6593;0,7933;0,7185
2021-06-08;"CENTRO-LESTE";127;105;16;14;133;114;5;5;22;2;19;0;143;119;24;138;119;19;281;238;43;0,8268;0,875;0,8571;1;0,8322;0,8623;0,847
2021-06-08;"CENTRO-NORTE";30;10;0;0;30;22;0;0;20;0;8;0;30;10;20;30;22;8;60;32;28;0,3333;NA;0,7333;NA;0,3333;0,7333;0,5333
2021-06-08;"EXTREMO-SUL";30;28;0;0;55;51;0;0;2;0;4;0;30;28;2;55;51;4;85;79;6;0,9333;NA;0,9273;NA;0,9333;0,9273;0,9294
2021-06-08;"LESTE";1032;730;37;32;926;768;27;20;302;5;158;7;1069;762;307;953;788;165;2022;1550;472;0,7074;0,8649;0,8294;0,7407;0,7128;0,8269;0,7666
2021-06-08;"NORDESTE";9;9;4;4;8;8;0;0;0;0;0;0;13;13;0;8;8;0;21;21;0;1;1;1;NA;1;1;1
2021-06-08;"NORTE";95;40;0;0;80;65;0;0;55;0;15;0;95;40;55;80;65;15;175;105;70;0,4211;NA;0,8125;NA;0,4211;0,8125;0,6
2021-06-08;"OESTE";92;62;0;0;70;68;0;0;30;0;2;0;92;62;30;70;68;2;162;130;32;0,6739;NA;0,9714;NA;0,6739;0,9714;0,8025
2021-06-08;"SUDOESTE";116;62;0;0;110;106;0;0;54;0;4;0;116;62;54;110;106;4;226;168;58;0,5345;NA;0,9636;NA;0,5345;0,9636;0,7434
2021-06-08;"SUL";216;150;10;8;176;140;3;1;66;2;36;2;226;158;68;179;141;38;405;299;106;0,6944;0,8;0,7955;0,3333;0,6991;0,7877;0,7383
2021-06-09;"CENTRO-LESTE";127;102;16;11;133;114;5;5;25;5;19;0;143;113;30;138;119;19;281;232;49;0,8031;0,6875;0,8571;1;0,7902;0,8623;0,8256
2021-06-09;"CENTRO-NORTE";30;14;0;0;30;23;0;0;16;0;7;0;30;14;16;30;23;7;60;37;23;0,4667;NA;0,7667;NA;0,4667;0,7667;0,6167
2021-06-09;"EXTREMO-SUL";30;21;0;0;55;51;0;0;9;0;4;0;30;21;9;55;51;4;85;72;13;0,7;NA;0,9273;NA;0,7;0,9273;0,8471
2021-06-09;"LESTE";1032;748;37;32;926;768;27;18;284;5;158;9;1069;780;289;953;786;167;2022;1566;456;0,7248;0,8649;0,8294;0,6667;0,7297;0,8248;0,7745
2021-06-09;"NORDESTE";9;4;4;4;8;8;0;0;5;0;0;0;13;8;5;8;8;0;21;16;5;0,4444;1;1;NA;0,6154;1;0,7619
2021-06-09;"NORTE";95;40;0;0;80;64;0;0;55;0;16;0;95;40;55;80;64;16;175;104;71;0,4211;NA;0,8;NA;0,4211;0,8;0,5943
2021-06-09;"OESTE";92;58;0;0;70;65;0;0;34;0;5;0;92;58;34;70;65;5;162;123;39;0,6304;NA;0,9286;NA;0,6304;0,9286;0,7593
2021-06-09;"SUDOESTE";116;69;0;0;110;105;0;0;47;0;5;0;116;69;47;110;105;5;226;174;52;0,5948;NA;0,9545;NA;0,5948;0,9545;0,7699
2021-06-09;"SUL";216;147;10;6;176;141;3;2;69;4;35;1;226;153;73;179;143;36;405;296;109;0,6806;0,6;0,8011;0,6667;0,677;0,7989;0,7309
2021-06-10;"CENTRO-LESTE";127;97;16;11;133;109;5;4;30;5;24;1;143;108;35;138;113;25;281;221;60;0,7638;0,6875;0,8195;0,8;0,7552;0,8188;0,7865
2021-06-10;"CENTRO-NORTE";30;15;0;0;30;22;0;0;15;0;8;0;30;15;15;30;22;8;60;37;23;0,5;NA;0,7333;NA;0,5;0,7333;0,6167
2021-06-10;"EXTREMO-SUL";30;20;0;0;55;51;0;0;10;0;4;0;30;20;10;55;51;4;85;71;14;0,6667;NA;0,9273;NA;0,6667;0,9273;0,8353
2021-06-10;"LESTE";1032;740;37;30;926;775;27;18;292;7;151;9;1069;770;299;953;793;160;2022;1563;459;0,7171;0,8108;0,8369;0,6667;0,7203;0,8321;0,773
2021-06-10;"NORDESTE";9;8;4;3;8;8;0;0;1;1;0;0;13;11;2;8;8;0;21;19;2;0,8889;0,75;1;NA;0,8462;1;0,9048
2021-06-10;"NORTE";95;40;0;0;80;64;0;0;55;0;16;0;95;40;55;80;64;16;175;104;71;0,4211;NA;0,8;NA;0,4211;0,8;0,5943
2021-06-10;"OESTE";92;56;0;0;70;63;0;0;36;0;7;0;92;56;36;70;63;7;162;119;43;0,6087;NA;0,9;NA;0,6087;0,9;0,7346
2021-06-10;"SUDOESTE";116;67;0;0;110;105;0;0;49;0;5;0;116;67;49;110;105;5;226;172;54;0,5776;NA;0,9545;NA;0,5776;0,9545;0,7611
2021-06-10;"SUL";216;144;10;6;176;144;3;2;72;4;32;1;226;150;76;179;146;33;405;296;109;0,6667;0,6;0,8182;0,6667;0,6637;0,8156;0,7309
2021-06-11;"CENTRO-LESTE";127;99;16;13;133;109;5;4;28;3;24;1;143;112;31;138;113;25;281;225;56;0,7795;0,8125;0,8195;0,8;0,7832;0,8188;0,8007
2021-06-11;"CENTRO-NORTE";30;12;0;0;30;23;0;0;18;0;7;0;30;12;18;30;23;7;60;35;25;0,4;NA;0,7667;NA;0,4;0,7667;0,5833
2021-06-11;"EXTREMO-SUL";30;22;0;0;55;50;0;0;8;0;5;0;30;22;8;55;50;5;85;72;13;0,7333;NA;0,9091;NA;0,7333;0,9091;0,8471
2021-06-11;"LESTE";1032;711;37;27;926;776;27;19;321;10;150;8;1069;738;331;953;795;158;2022;1533;489;0,689;0,7297;0,838;0,7037;0,6904;0,8342;0,7582
2021-06-11;"NORDESTE";9;6;4;4;8;8;0;0;3;0;0;0;13;10;3;8;8;0;21;18;3;0,6667;1;1;NA;0,7692;1;0,8571
2021-06-11;"NORTE";95;32;0;0;80;68;0;0;63;0;12;0;95;32;63;80;68;12;175;100;75;0,3368;NA;0,85;NA;0,3368;0,85;0,5714
2021-06-11;"OESTE";92;55;0;0;70;64;0;0;37;0;6;0;92;55;37;70;64;6;162;119;43;0,5978;NA;0,9143;NA;0,5978;0,9143;0,7346
2021-06-11;"SUDOESTE";116;70;0;0;110;105;0;0;46;0;5;0;116;70;46;110;105;5;226;175;51;0,6034;NA;0,9545;NA;0,6034;0,9545;0,7743
2021-06-11;"SUL";216;149;10;1;176;145;3;2;67;9;31;1;226;150;76;179;147;32;405;297;108;0,6898;0,1;0,8239;0,6667;0,6637;0,8212;0,7333
2021-06-12;"CENTRO-LESTE";127;100;16;16;133;108;5;5;27;0;25;0;143;116;27;138;113;25;281;229;52;0,7874;1;0,812;1;0,8112;0,8188;0,8149
2021-06-12;"CENTRO-NORTE";30;9;0;0;30;23;0;0;21;0;7;0;30;9;21;30;23;7;60;32;28;0,3;NA;0,7667;NA;0,3;0,7667;0,5333
2021-06-12;"EXTREMO-SUL";30;24;0;0;55;49;0;0;6;0;6;0;30;24;6;55;49;6;85;73;12;0,8;NA;0,8909;NA;0,8;0,8909;0,8588
2021-06-12;"LESTE";1032;730;37;26;926;753;27;19;302;11;173;8;1069;756;313;953;772;181;2022;1528;494;0,7074;0,7027;0,8132;0,7037;0,7072;0,8101;0,7557
2021-06-12;"NORDESTE";9;6;4;4;8;8;0;0;3;0;0;0;13;10;3;8;8;0;21;18;3;0,6667;1;1;NA;0,7692;1;0,8571
2021-06-12;"NORTE";95;30;0;0;80;69;0;0;65;0;11;0;95;30;65;80;69;11;175;99;76;0,3158;NA;0,8625;NA;0,3158;0,8625;0,5657
2021-06-12;"OESTE";92;56;0;0;70;65;0;0;36;0;5;0;92;56;36;70;65;5;162;121;41;0,6087;NA;0,9286;NA;0,6087;0,9286;0,7469
2021-06-12;"SUDOESTE";116;69;0;0;110;104;0;0;47;0;6;0;116;69;47;110;104;6;226;173;53;0,5948;NA;0,9455;NA;0,5948;0,9455;0,7655
2021-06-12;"SUL";216;148;10;1;176;137;3;2;68;9;39;1;226;149;77;179;139;40;405;288;117;0,6852;0,1;0,7784;0,6667;0,6593;0,7765;0,7111
2021-06-13;"CENTRO-LESTE";127;102;16;16;133;114;5;2;25;0;19;3;143;118;25;138;116;22;281;234;47;0,8031;1;0,8571;0,4;0,8252;0,8406;0,8327
2021-06-13;"CENTRO-NORTE";30;8;0;0;30;23;0;0;22;0;7;0;30;8;22;30;23;7;60;31;29;0,2667;NA;0,7667;NA;0,2667;0,7667;0,5167
2021-06-13;"EXTREMO-SUL";30;24;0;0;55;49;0;0;6;0;6;0;30;24;6;55;49;6;85;73;12;0,8;NA;0,8909;NA;0,8;0,8909;0,8588
2021-06-13;"LESTE";1032;735;37;25;926;751;27;15;297;12;175;12;1069;760;309;953;766;187;2022;1526;496;0,7122;0,6757;0,811;0,5556;0,7109;0,8038;0,7547
2021-06-13;"NORDESTE";9;6;4;4;8;8;0;0;3;0;0;0;13;10;3;8;8;0;21;18;3;0,6667;1;1;NA;0,7692;1;0,8571
2021-06-13;"NORTE";95;34;0;0;80;68;0;0;61;0;12;0;95;34;61;80;68;12;175;102;73;0,3579;NA;0,85;NA;0,3579;0,85;0,5829
2021-06-13;"OESTE";92;61;0;0;70;65;0;0;31;0;5;0;92;61;31;70;65;5;162;126;36;0,663;NA;0,9286;NA;0,663;0,9286;0,7778
2021-06-13;"SUDOESTE";116;78;0;0;110;103;0;0;38;0;7;0;116;78;38;110;103;7;226;181;45;0,6724;NA;0,9364;NA;0,6724;0,9364;0,8009
2021-06-13;"SUL";216;153;10;1;176;144;3;2;63;9;32;1;226;154;72;179;146;33;405;300;105;0,7083;0,1;0,8182;0,6667;0,6814;0,8156;0,7407
2021-06-14;"CENTRO-LESTE";127;101;16;16;133;112;5;3;26;0;21;2;143;117;26;138;115;23;281;232;49;0,7953;1;0,8421;0,6;0,8182;0,8333;0,8256
2021-06-14;"CENTRO-NORTE";30;12;0;0;30;23;0;0;18;0;7;0;30;12;18;30;23;7;60;35;25;0,4;NA;0,7667;NA;0,4;0,7667;0,5833
2021-06-14;"EXTREMO-SUL";30;19;0;0;55;50;0;0;11;0;5;0;30;19;11;55;50;5;85;69;16;0,6333;NA;0,9091;NA;0,6333;0,9091;0,8118
2021-06-14;"LESTE";1042;721;37;27;936;757;27;15;321;10;179;12;1079;748;331;963;772;191;2042;1520;522;0,6919;0,7297;0,8088;0,5556;0,6932;0,8017;0,7444
2021-06-14;"NORDESTE";9;5;4;4;8;7;0;0;4;0;1;0;13;9;4;8;7;1;21;16;5;0,5556;1;0,875;NA;0,6923;0,875;0,7619
2021-06-14;"NORTE";95;38;0;0;80;68;0;0;57;0;12;0;95;38;57;80;68;12;175;106;69;0,4;NA;0,85;NA;0,4;0,85;0,6057
2021-06-14;"OESTE";92;52;0;0;70;64;0;0;40;0;6;0;92;52;40;70;64;6;162;116;46;0,5652;NA;0,9143;NA;0,5652;0,9143;0,716
2021-06-14;"SUDOESTE";116;74;0;0;110;107;0;0;42;0;3;0;116;74;42;110;107;3;226;181;45;0,6379;NA;0,9727;NA;0,6379;0,9727;0,8009
2021-06-14;"SUL";216;144;10;2;176;139;3;3;72;8;37;0;226;146;80;179;142;37;405;288;117;0,6667;0,2;0,7898;1;0,646;0,7933;0,7111
2021-06-15;"CENTRO-LESTE";127;98;16;12;133;116;5;3;29;4;17;2;143;110;33;138;119;19;281;229;52;0,7717;0,75;0,8722;0,6;0,7692;0,8623;0,8149
2021-06-15;"CENTRO-NORTE";30;11;0;0;30;22;0;0;19;0;8;0;30;11;19;30;22;8;60;33;27;0,3667;NA;0,7333;NA;0,3667;0,7333;0,55
2021-06-15;"EXTREMO-SUL";30;22;0;0;55;48;0;0;8;0;7;0;30;22;8;55;48;7;85;70;15;0,7333;NA;0,8727;NA;0,7333;0,8727;0,8235
2021-06-15;"LESTE";1042;760;37;30;936;741;27;16;282;7;195;11;1079;790;289;963;757;206;2042;1547;495;0,7294;0,8108;0,7917;0,5926;0,7322;0,7861;0,7576
2021-06-15;"NORDESTE";9;5;4;4;8;6;0;0;4;0;2;0;13;9;4;8;6;2;21;15;6;0,5556;1;0,75;NA;0,6923;0,75;0,7143
2021-06-15;"NORTE";95;35;0;0;80;68;0;0;60;0;12;0;95;35;60;80;68;12;175;103;72;0,3684;NA;0,85;NA;0,3684;0,85;0,5886
2021-06-15;"OESTE";92;48;0;0;70;63;0;0;44;0;7;0;92;48;44;70;63;7;162;111;51;0,5217;NA;0,9;NA;0,5217;0,9;0,6852
2021-06-15;"SUDOESTE";116;67;0;0;110;106;0;0;49;0;4;0;116;67;49;110;106;4;226;173;53;0,5776;NA;0,9636;NA;0,5776;0,9636;0,7655
2021-06-15;"SUL";216;142;10;2;176;144;3;3;74;8;32;0;226;144;82;179;147;32;405;291;114;0,6574;0,2;0,8182;1;0,6372;0,8212;0,7185
2021-06-16;"CENTRO-LESTE";127;97;16;16;133;117;5;3;30;0;16;2;143;113;30;138;120;18;281;233;48;0,7638;1;0,8797;0,6;0,7902;0,8696;0,8292
2021-06-16;"CENTRO-NORTE";30;13;0;0;30;23;0;0;17;0;7;0;30;13;17;30;23;7;60;36;24;0,4333;NA;0,7667;NA;0,4333;0,7667;0,6
2021-06-16;"EXTREMO-SUL";30;26;0;0;55;47;0;0;4;0;8;0;30;26;4;55;47;8;85;73;12;0,8667;NA;0,8545;NA;0,8667;0,8545;0,8588
2021-06-16;"LESTE";1042;746;37;26;936;756;27;16;296;11;180;11;1079;772;307;963;772;191;2042;1544;498;0,7159;0,7027;0,8077;0,5926;0,7155;0,8017;0,7561
2021-06-16;"NORDESTE";9;6;4;4;8;8;0;0;3;0;0;0;13;10;3;8;8;0;21;18;3;0,6667;1;1;NA;0,7692;1;0,8571
2021-06-16;"NORTE";95;41;0;0;80;66;0;0;54;0;14;0;95;41;54;80;66;14;175;107;68;0,4316;NA;0,825;NA;0,4316;0,825;0,6114
2021-06-16;"OESTE";92;53;0;0;70;67;0;0;39;0;3;0;92;53;39;70;67;3;162;120;42;0,5761;NA;0,9571;NA;0,5761;0,9571;0,7407
2021-06-16;"SUDOESTE";116;72;0;0;110;105;0;0;44;0;5;0;116;72;44;110;105;5;226;177;49;0,6207;NA;0,9545;NA;0,6207;0,9545;0,7832
2021-06-16;"SUL";216;141;10;3;176;147;3;3;75;7;29;0;226;144;82;179;150;29;405;294;111;0,6528;0,3;0,8352;1;0,6372;0,838;0,7259
2021-06-17;"CENTRO-LESTE";127;93;16;13;133;114;5;3;34;3;19;2;143;106;37;138;117;21;281;223;58;0,7323;0,8125;0,8571;0,6;0,7413;0,8478;0,7936
2021-06-17;"CENTRO-NORTE";30;14;0;0;30;23;0;0;16;0;7;0;30;14;16;30;23;7;60;37;23;0,4667;NA;0,7667;NA;0,4667;0,7667;0,6167
2021-06-17;"EXTREMO-SUL";30;22;0;0;55;49;0;0;8;0;6;0;30;22;8;55;49;6;85;71;14;0,7333;NA;0,8909;NA;0,7333;0,8909;0,8353
2021-06-17;"LESTE";1042;696;37;25;936;758;27;18;346;12;178;9;1079;721;358;963;776;187;2042;1497;545;0,6679;0,6757;0,8098;0,6667;0,6682;0,8058;0,7331
2021-06-17;"NORDESTE";9;6;4;4;8;8;0;0;3;0;0;0;13;10;3;8;8;0;21;18;3;0,6667;1;1;NA;0,7692;1;0,8571
2021-06-17;"NORTE";95;38;0;0;80;66;0;0;57;0;14;0;95;38;57;80;66;14;175;104;71;0,4;NA;0,825;NA;0,4;0,825;0,5943
2021-06-17;"OESTE";92;52;0;0;70;65;0;0;40;0;5;0;92;52;40;70;65;5;162;117;45;0,5652;NA;0,9286;NA;0,5652;0,9286;0,7222
2021-06-17;"SUDOESTE";116;69;0;0;110;106;0;0;47;0;4;0;116;69;47;110;106;4;226;175;51;0,5948;NA;0,9636;NA;0,5948;0,9636;0,7743
2021-06-17;"SUL";216;138;10;4;176;138;3;2;78;6;38;1;226;142;84;179;140;39;405;282;123;0,6389;0,4;0,7841;0,6667;0,6283;0,7821;0,6963
2021-06-18;"CENTRO-LESTE";127;94;16;13;133;110;5;4;33;3;23;1;143;107;36;138;114;24;281;221;60;0,7402;0,8125;0,8271;0,8;0,7483;0,8261;0,7865
2021-06-18;"CENTRO-NORTE";30;12;0;0;30;22;0;0;18;0;8;0;30;12;18;30;22;8;60;34;26;0,4;NA;0,7333;NA;0,4;0,7333;0,5667
2021-06-18;"EXTREMO-SUL";30;22;0;0;55;50;0;0;8;0;5;0;30;22;8;55;50;5;85;72;13;0,7333;NA;0,9091;NA;0,7333;0,9091;0,8471
2021-06-18;"LESTE";1042;711;37;27;936;739;27;19;331;10;197;8;1079;738;341;963;758;205;2042;1496;546;0,6823;0,7297;0,7895;0,7037;0,684;0,7871;0,7326
2021-06-18;"NORDESTE";9;6;4;4;8;8;0;0;3;0;0;0;13;10;3;8;8;0;21;18;3;0,6667;1;1;NA;0,7692;1;0,8571
2021-06-18;"NORTE";95;38;0;0;80;63;0;0;57;0;17;0;95;38;57;80;63;17;175;101;74;0,4;NA;0,7875;NA;0,4;0,7875;0,5771
2021-06-18;"OESTE";92;53;0;0;70;65;0;0;39;0;5;0;92;53;39;70;65;5;162;118;44;0,5761;NA;0,9286;NA;0,5761;0,9286;0,7284
2021-06-18;"SUDOESTE";116;67;0;0;110;103;0;0;49;0;7;0;116;67;49;110;103;7;226;170;56;0,5776;NA;0,9364;NA;0,5776;0,9364;0,7522
2021-06-18;"SUL";216;131;10;4;176;140;3;2;85;6;36;1;226;135;91;179;142;37;405;277;128;0,6065;0,4;0,7955;0,6667;0,5973;0,7933;0,684
2021-06-19;"CENTRO-LESTE";127;103;16;11;133;112;5;4;24;5;21;1;143;114;29;138;116;22;281;230;51;0,811;0,6875;0,8421;0,8;0,7972;0,8406;0,8185
2021-06-19;"CENTRO-NORTE";30;11;0;0;30;23;0;0;19;0;7;0;30;11;19;30;23;7;60;34;26;0,3667;NA;0,7667;NA;0,3667;0,7667;0,5667
2021-06-19;"EXTREMO-SUL";30;22;0;0;55;51;0;0;8;0;4;0;30;22;8;55;51;4;85;73;12;0,7333;NA;0,9273;NA;0,7333;0,9273;0,8588
2021-06-19;"LESTE";1042;723;37;25;936;743;27;17;319;12;193;10;1079;748;331;963;760;203;2042;1508;534;0,6939;0,6757;0,7938;0,6296;0,6932;0,7892;0,7385
2021-06-19;"NORDESTE";9;6;4;4;8;8;0;0;3;0;0;0;13;10;3;8;8;0;21;18;3;0,6667;1;1;NA;0,7692;1;0,8571
2021-06-19;"NORTE";95;35;0;0;80;62;0;0;60;0;18;0;95;35;60;80;62;18;175;97;78;0,3684;NA;0,775;NA;0,3684;0,775;0,5543
2021-06-19;"OESTE";92;54;0;0;70;65;0;0;38;0;5;0;92;54;38;70;65;5;162;119;43;0,587;NA;0,9286;NA;0,587;0,9286;0,7346
2021-06-19;"SUDOESTE";116;62;0;0;110;101;0;0;54;0;9;0;116;62;54;110;101;9;226;163;63;0,5345;NA;0,9182;NA;0,5345;0,9182;0,7212
2021-06-19;"SUL";216;131;10;4;176;140;3;2;85;6;36;1;226;135;91;179;142;37;405;277;128;0,6065;0,4;0,7955;0,6667;0,5973;0,7933;0,684
2021-06-20;"CENTRO-LESTE";127;88;16;15;133;109;5;3;39;1;24;2;143;103;40;138;112;26;281;215;66;0,6929;0,9375;0,8195;0,6;0,7203;0,8116;0,7651
2021-06-20;"CENTRO-NORTE";30;11;0;0;30;23;0;0;19;0;7;0;30;11;19;30;23;7;60;34;26;0,3667;NA;0,7667;NA;0,3667;0,7667;0,5667
2021-06-20;"EXTREMO-SUL";30;22;0;0;55;50;0;0;8;0;5;0;30;22;8;55;50;5;85;72;13;0,7333;NA;0,9091;NA;0,7333;0,9091;0,8471
2021-06-20;"LESTE";1042;718;37;23;936;736;27;17;324;14;200;10;1079;741;338;963;753;210;2042;1494;548;0,6891;0,6216;0,7863;0,6296;0,6867;0,7819;0,7316
2021-06-20;"NORDESTE";9;6;4;4;8;8;0;0;3;0;0;0;13;10;3;8;8;0;21;18;3;0,6667;1;1;NA;0,7692;1;0,8571
2021-06-20;"NORTE";95;29;0;0;80;66;0;0;66;0;14;0;95;29;66;80;66;14;175;95;80;0,3053;NA;0,825;NA;0,3053;0,825;0,5429
2021-06-20;"OESTE";92;55;0;0;70;65;0;0;37;0;5;0;92;55;37;70;65;5;162;120;42;0,5978;NA;0,9286;NA;0,5978;0,9286;0,7407
2021-06-20;"SUDOESTE";116;68;0;0;120;106;0;0;48;0;14;0;116;68;48;120;106;14;236;174;62;0,5862;NA;0,8833;NA;0,5862;0,8833;0,7373
2021-06-20;"SUL";216;135;10;1;176;141;3;2;81;9;35;1;226;136;90;179;143;36;405;279;126;0,625;0,1;0,8011;0,6667;0,6018;0,7989;0,6889
2021-06-21;"CENTRO-LESTE";127;99;16;15;133;113;5;4;28;1;20;1;143;114;29;138;117;21;281;231;50;0,7795;0,9375;0,8496;0,8;0,7972;0,8478;0,8221
2021-06-21;"CENTRO-NORTE";30;7;0;0;30;23;0;0;23;0;7;0;30;7;23;30;23;7;60;30;30;0,2333;NA;0,7667;NA;0,2333;0,7667;0,5
2021-06-21;"EXTREMO-SUL";30;16;0;0;55;49;0;0;14;0;6;0;30;16;14;55;49;6;85;65;20;0,5333;NA;0,8909;NA;0,5333;0,8909;0,7647
2021-06-21;"LESTE";1042;717;37;23;936;741;27;18;325;14;195;9;1079;740;339;963;759;204;2042;1499;543;0,6881;0,6216;0,7917;0,6667;0,6858;0,7882;0,7341
2021-06-21;"NORDESTE";9;8;4;2;8;8;0;0;1;2;0;0;13;10;3;8;8;0;21;18;3;0,8889;0,5;1;NA;0,7692;1;0,8571
2021-06-21;"NORTE";95;28;0;0;80;68;0;0;67;0;12;0;95;28;67;80;68;12;175;96;79;0,2947;NA;0,85;NA;0,2947;0,85;0,5486
2021-06-21;"OESTE";92;52;0;0;70;63;0;0;40;0;7;0;92;52;40;70;63;7;162;115;47;0,5652;NA;0,9;NA;0,5652;0,9;0,7099
2021-06-21;"SUDOESTE";116;66;0;0;120;105;0;0;50;0;15;0;116;66;50;120;105;15;236;171;65;0,569;NA;0,875;NA;0,569;0,875;0,7246
2021-06-21;"SUL";216;140;10;1;176;139;3;2;76;9;37;1;226;141;85;179;141;38;405;282;123;0,6481;0,1;0,7898;0,6667;0,6239;0,7877;0,6963
2021-06-22;"CENTRO-LESTE";127;95;16;7;133;109;5;5;32;9;24;0;143;102;41;138;114;24;281;216;65;0,748;0,4375;0,8195;1;0,7133;0,8261;0,7687
2021-06-22;"CENTRO-NORTE";30;3;0;0;30;23;0;0;27;0;7;0;30;3;27;30;23;7;60;26;34;0,1;NA;0,7667;NA;0,1;0,7667;0,4333
2021-06-22;"EXTREMO-SUL";30;17;0;0;55;48;0;0;13;0;7;0;30;17;13;55;48;7;85;65;20;0,5667;NA;0,8727;NA;0,5667;0,8727;0,7647
2021-06-22;"LESTE";1042;700;37;29;936;732;27;18;342;8;204;9;1079;729;350;963;750;213;2042;1479;563;0,6718;0,7838;0,7821;0,6667;0,6756;0,7788;0,7243
2021-06-22;"NORDESTE";9;4;4;2;8;7;0;0;5;2;1;0;13;6;7;8;7;1;21;13;8;0,4444;0,5;0,875;NA;0,4615;0,875;0,619
2021-06-22;"NORTE";95;25;0;0;80;68;0;0;70;0;12;0;95;25;70;80;68;12;175;93;82;0,2632;NA;0,85;NA;0,2632;0,85;0,5314
2021-06-22;"OESTE";92;47;0;0;70;65;0;0;45;0;5;0;92;47;45;70;65;5;162;112;50;0,5109;NA;0,9286;NA;0,5109;0,9286;0,6914
2021-06-22;"SUDOESTE";116;68;0;0;120;105;0;0;48;0;15;0;116;68;48;120;105;15;236;173;63;0,5862;NA;0,875;NA;0,5862;0,875;0,7331
2021-06-22;"SUL";216;154;10;1;176;136;3;2;62;9;40;1;226;155;71;179;138;41;405;293;112;0,713;0,1;0,7727;0,6667;0,6858;0,7709;0,7235
2021-06-23;"CENTRO-LESTE";127;99;16;10;133;112;5;3;28;6;21;2;143;109;34;138;115;23;281;224;57;0,7795;0,625;0,8421;0,6;0,7622;0,8333;0,7972
2021-06-23;"CENTRO-NORTE";30;4;0;0;30;23;0;0;26;0;7;0;30;4;26;30;23;7;60;27;33;0,1333;NA;0,7667;NA;0,1333;0,7667;0,45
2021-06-23;"EXTREMO-SUL";30;21;0;0;55;49;0;0;9;0;6;0;30;21;9;55;49;6;85;70;15;0,7;NA;0,8909;NA;0,7;0,8909;0,8235
2021-06-23;"LESTE";1042;705;37;30;936;737;27;17;337;7;199;10;1079;735;344;963;754;209;2042;1489;553;0,6766;0,8108;0,7874;0,6296;0,6812;0,783;0,7292
2021-06-23;"NORDESTE";9;4;4;2;8;7;0;0;5;2;1;0;13;6;7;8;7;1;21;13;8;0,4444;0,5;0,875;NA;0,4615;0,875;0,619
2021-06-23;"NORTE";95;30;0;0;80;55;0;0;65;0;25;0;95;30;65;80;55;25;175;85;90;0,3158;NA;0,6875;NA;0,3158;0,6875;0,4857
2021-06-23;"OESTE";92;49;0;0;70;66;0;0;43;0;4;0;92;49;43;70;66;4;162;115;47;0,5326;NA;0,9429;NA;0,5326;0,9429;0,7099
2021-06-23;"SUDOESTE";116;67;0;0;120;109;0;0;49;0;11;0;116;67;49;120;109;11;236;176;60;0,5776;NA;0,9083;NA;0,5776;0,9083;0,7458
2021-06-23;"SUL";216;140;10;1;176;140;3;3;76;9;36;0;226;141;85;179;143;36;405;284;121;0,6481;0,1;0,7955;1;0,6239;0,7989;0,7012
2021-06-24;"CENTRO-LESTE";127;94;16;8;133;113;5;3;33;8;20;2;143;102;41;138;116;22;281;218;63;0,7402;0,5;0,8496;0,6;0,7133;0,8406;0,7758
2021-06-24;"CENTRO-NORTE";30;4;0;0;30;22;0;0;26;0;8;0;30;4;26;30;22;8;60;26;34;0,1333;NA;0,7333;NA;0,1333;0,7333;0,4333
2021-06-24;"EXTREMO-SUL";30;22;0;0;55;48;0;0;8;0;7;0;30;22;8;55;48;7;85;70;15;0,7333;NA;0,8727;NA;0,7333;0,8727;0,8235
2021-06-24;"LESTE";1042;674;37;26;936;734;27;16;368;11;202;11;1079;700;379;963;750;213;2042;1450;592;0,6468;0,7027;0,7842;0,5926;0,6487;0,7788;0,7101
2021-06-24;"NORDESTE";9;4;4;2;8;7;0;0;5;2;1;0;13;6;7;8;7;1;21;13;8;0,4444;0,5;0,875;NA;0,4615;0,875;0,619
2021-06-24;"NORTE";95;23;0;0;80;52;0;0;72;0;28;0;95;23;72;80;52;28;175;75;100;0,2421;NA;0,65;NA;0,2421;0,65;0,4286
2021-06-24;"OESTE";92;50;0;0;70;64;0;0;42;0;6;0;92;50;42;70;64;6;162;114;48;0,5435;NA;0,9143;NA;0,5435;0,9143;0,7037
2021-06-24;"SUDOESTE";116;68;0;0;120;109;0;0;48;0;11;0;116;68;48;120;109;11;236;177;59;0,5862;NA;0,9083;NA;0,5862;0,9083;0,75
2021-06-24;"SUL";216;138;10;1;176;134;3;3;78;9;42;0;226;139;87;179;137;42;405;276;129;0,6389;0,1;0,7614;1;0,615;0,7654;0,6815
2021-06-25;"CENTRO-LESTE";127;90;16;14;133;119;5;5;37;2;14;0;143;104;39;138;124;14;281;228;53;0,7087;0,875;0,8947;1;0,7273;0,8986;0,8114
2021-06-25;"CENTRO-NORTE";30;5;0;0;30;22;0;0;25;0;8;0;30;5;25;30;22;8;60;27;33;0,1667;NA;0,7333;NA;0,1667;0,7333;0,45
2021-06-25;"EXTREMO-SUL";30;26;0;0;55;50;0;0;4;0;5;0;30;26;4;55;50;5;85;76;9;0,8667;NA;0,9091;NA;0,8667;0,9091;0,8941
2021-06-25;"LESTE";1042;619;37;30;936;705;27;19;423;7;231;8;1079;649;430;963;724;239;2042;1373;669;0,594;0,8108;0,7532;0,7037;0,6015;0,7518;0,6724
2021-06-25;"NORDESTE";9;1;4;4;8;7;0;0;8;0;1;0;13;5;8;8;7;1;21;12;9;0,1111;1;0,875;NA;0,3846;0,875;0,5714
2021-06-25;"NORTE";95;22;0;0;80;51;0;0;73;0;29;0;95;22;73;80;51;29;175;73;102;0,2316;NA;0,6375;NA;0,2316;0,6375;0,4171
2021-06-25;"OESTE";92;50;0;0;70;64;0;0;42;0;6;0;92;50;42;70;64;6;162;114;48;0,5435;NA;0,9143;NA;0,5435;0,9143;0,7037
2021-06-25;"SUDOESTE";116;61;0;0;120;105;0;0;55;0;15;0;116;61;55;120;105;15;236;166;70;0,5259;NA;0,875;NA;0,5259;0,875;0,7034
2021-06-25;"SUL";216;120;10;1;176;134;3;3;96;9;42;0;226;121;105;179;137;42;405;258;147;0,5556;0,1;0,7614;1;0,5354;0,7654;0,637
2021-06-26;"CENTRO-LESTE";127;85;16;14;133;115;5;5;42;2;18;0;143;99;44;138;120;18;281;219;62;0,6693;0,875;0,8647;1;0,6923;0,8696;0,7794
2021-06-26;"CENTRO-NORTE";30;4;0;0;30;23;0;0;26;0;7;0;30;4;26;30;23;7;60;27;33;0,1333;NA;0,7667;NA;0,1333;0,7667;0,45
2021-06-26;"EXTREMO-SUL";30;25;0;0;55;50;0;0;5;0;5;0;30;25;5;55;50;5;85;75;10;0,8333;NA;0,9091;NA;0,8333;0,9091;0,8824
2021-06-26;"LESTE";1042;621;37;28;936;672;27;17;421;9;264;10;1079;649;430;963;689;274;2042;1338;704;0,596;0,7568;0,7179;0,6296;0,6015;0,7155;0,6552
2021-06-26;"NORDESTE";9;1;4;4;8;7;0;0;8;0;1;0;13;5;8;8;7;1;21;12;9;0,1111;1;0,875;NA;0,3846;0,875;0,5714
2021-06-26;"NORTE";95;21;0;0;80;57;0;0;74;0;23;0;95;21;74;80;57;23;175;78;97;0,2211;NA;0,7125;NA;0,2211;0,7125;0,4457
2021-06-26;"OESTE";92;57;0;0;70;61;0;0;35;0;9;0;92;57;35;70;61;9;162;118;44;0,6196;NA;0,8714;NA;0,6196;0,8714;0,7284
2021-06-26;"SUDOESTE";116;57;0;0;120;105;0;0;59;0;15;0;116;57;59;120;105;15;236;162;74;0,4914;NA;0,875;NA;0,4914;0,875;0,6864
2021-06-26;"SUL";216;116;10;1;176;137;3;3;100;9;39;0;226;117;109;179;140;39;405;257;148;0,537;0,1;0,7784;1;0,5177;0,7821;0,6346
2021-06-27;"CENTRO-LESTE";127;100;16;15;133;111;5;5;27;1;22;0;143;115;28;138;116;22;281;231;50;0,7874;0,9375;0,8346;1;0,8042;0,8406;0,8221
2021-06-27;"CENTRO-NORTE";30;6;0;0;30;22;0;0;24;0;8;0;30;6;24;30;22;8;60;28;32;0,2;NA;0,7333;NA;0,2;0,7333;0,4667
2021-06-27;"EXTREMO-SUL";30;26;0;0;55;46;0;0;4;0;9;0;30;26;4;55;46;9;85;72;13;0,8667;NA;0,8364;NA;0,8667;0,8364;0,8471
2021-06-27;"LESTE";1042;621;37;29;936;668;27;19;421;8;268;8;1079;650;429;963;687;276;2042;1337;705;0,596;0,7838;0,7137;0,7037;0,6024;0,7134;0,6548
2021-06-27;"NORDESTE";9;1;4;4;8;7;0;0;8;0;1;0;13;5;8;8;7;1;21;12;9;0,1111;1;0,875;NA;0,3846;0,875;0,5714
2021-06-27;"NORTE";95;21;0;0;80;56;0;0;74;0;24;0;95;21;74;80;56;24;175;77;98;0,2211;NA;0,7;NA;0,2211;0,7;0,44
2021-06-27;"OESTE";92;55;0;0;70;58;0;0;37;0;12;0;92;55;37;70;58;12;162;113;49;0,5978;NA;0,8286;NA;0,5978;0,8286;0,6975
2021-06-27;"SUDOESTE";116;62;0;0;120;105;0;0;54;0;15;0;116;62;54;120;105;15;236;167;69;0,5345;NA;0,875;NA;0,5345;0,875;0,7076
2021-06-27;"SUL";216;119;10;1;176;135;3;3;97;9;41;0;226;120;106;179;138;41;405;258;147;0,5509;0,1;0,767;1;0,531;0,7709;0,637
2021-06-28;"CENTRO-LESTE";127;87;16;13;133;110;5;5;40;3;23;0;143;100;43;138;115;23;281;215;66;0,685;0,8125;0,8271;1;0,6993;0,8333;0,7651
2021-06-28;"CENTRO-NORTE";30;7;0;0;30;23;0;0;23;0;7;0;30;7;23;30;23;7;60;30;30;0,2333;NA;0,7667;NA;0,2333;0,7667;0,5
2021-06-28;"EXTREMO-SUL";30;22;0;0;55;43;0;0;8;0;12;0;30;22;8;55;43;12;85;65;20;0,7333;NA;0,7818;NA;0,7333;0,7818;0,7647
2021-06-28;"LESTE";1042;595;37;33;936;670;27;18;447;4;266;9;1079;628;451;963;688;275;2042;1316;726;0,571;0,8919;0,7158;0,6667;0,582;0,7144;0,6445
2021-06-28;"NORDESTE";9;0;4;1;8;8;0;0;9;3;0;0;13;1;12;8;8;0;21;9;12;0;0,25;1;NA;0,0769;1;0,4286
2021-06-28;"NORTE";95;25;0;0;80;56;0;0;70;0;24;0;95;25;70;80;56;24;175;81;94;0,2632;NA;0,7;NA;0,2632;0,7;0,4629
2021-06-28;"OESTE";92;44;0;0;70;55;0;0;48;0;15;0;92;44;48;70;55;15;162;99;63;0,4783;NA;0,7857;NA;0,4783;0,7857;0,6111
2021-06-28;"SUDOESTE";116;59;0;0;120;102;0;0;57;0;18;0;116;59;57;120;102;18;236;161;75;0,5086;NA;0,85;NA;0,5086;0,85;0,6822
2021-06-28;"SUL";216;110;10;4;176;142;3;1;106;6;34;2;226;114;112;179;143;36;405;257;148;0,5093;0,4;0,8068;0,3333;0,5044;0,7989;0,6346
2021-06-29;"CENTRO-LESTE";127;82;16;10;133;104;5;4;45;6;29;1;143;92;51;138;108;30;281;200;81;0,6457;0,625;0,782;0,8;0,6434;0,7826;0,7117
2021-06-29;"CENTRO-NORTE";30;7;0;0;30;22;0;0;23;0;8;0;30;7;23;30;22;8;60;29;31;0,2333;NA;0,7333;NA;0,2333;0,7333;0,4833
2021-06-29;"EXTREMO-SUL";30;24;0;0;55;40;0;0;6;0;15;0;30;24;6;55;40;15;85;64;21;0,8;NA;0,7273;NA;0,8;0,7273;0,7529
2021-06-29;"LESTE";1042;565;37;25;936;668;27;19;477;12;268;8;1079;590;489;963;687;276;2042;1277;765;0,5422;0,6757;0,7137;0,7037;0,5468;0,7134;0,6254
2021-06-29;"NORDESTE";9;2;4;2;8;3;0;0;7;2;5;0;13;4;9;8;3;5;21;7;14;0,2222;0,5;0,375;NA;0,3077;0,375;0,3333
2021-06-29;"NORTE";95;25;0;0;80;59;0;0;70;0;21;0;95;25;70;80;59;21;175;84;91;0,2632;NA;0,7375;NA;0,2632;0,7375;0,48
2021-06-29;"OESTE";92;40;0;0;70;55;0;0;52;0;15;0;92;40;52;70;55;15;162;95;67;0,4348;NA;0,7857;NA;0,4348;0,7857;0,5864
2021-06-29;"SUDOESTE";116;61;0;0;120;104;0;0;55;0;16;0;116;61;55;120;104;16;236;165;71;0,5259;NA;0,8667;NA;0,5259;0,8667;0,6992
2021-06-29;"SUL";216;98;10;4;176;138;3;1;118;6;38;2;226;102;124;179;139;40;405;241;164;0,4537;0,4;0,7841;0,3333;0,4513;0,7765;0,5951
2021-06-30;"CENTRO-LESTE";127;78;16;11;133;109;5;5;49;5;24;0;143;89;54;138;114;24;281;203;78;0,6142;0,6875;0,8195;1;0,6224;0,8261;0,7224
2021-06-30;"CENTRO-NORTE";30;7;0;0;30;22;0;0;23;0;8;0;30;7;23;30;22;8;60;29;31;0,2333;NA;0,7333;NA;0,2333;0,7333;0,4833
2021-06-30;"EXTREMO-SUL";30;23;0;0;55;39;0;0;7;0;16;0;30;23;7;55;39;16;85;62;23;0,7667;NA;0,7091;NA;0,7667;0,7091;0,7294
2021-06-30;"LESTE";1042;531;37;25;936;662;27;19;511;12;274;8;1079;556;523;963;681;282;2042;1237;805;0,5096;0,6757;0,7073;0,7037;0,5153;0,7072;0,6058
2021-06-30;"NORDESTE";9;1;4;3;8;4;0;0;8;1;4;0;13;4;9;8;4;4;21;8;13;0,1111;0,75;0,5;NA;0,3077;0,5;0,381
2021-06-30;"NORTE";95;22;0;0;80;58;0;0;73;0;22;0;95;22;73;80;58;22;175;80;95;0,2316;NA;0,725;NA;0,2316;0,725;0,4571
2021-06-30;"OESTE";92;42;0;0;70;53;0;0;50;0;17;0;92;42;50;70;53;17;162;95;67;0,4565;NA;0,7571;NA;0,4565;0,7571;0,5864
2021-06-30;"SUDOESTE";116;68;0;0;120;101;0;0;48;0;19;0;116;68;48;120;101;19;236;169;67;0,5862;NA;0,8417;NA;0,5862;0,8417;0,7161
2021-06-30;"SUL";216;96;10;4;176;133;3;2;120;6;43;1;226;100;126;179;135;44;405;235;170;0,4444;0,4;0,7557;0,6667;0,4425;0,7542;0,5802
2021-07-01;"CENTRO-LESTE";127;80;16;8;133;108;5;4;47;8;25;1;143;88;55;138;112;26;281;200;81;0,6299;0,5;0,812;0,8;0,6154;0,8116;0,7117
2021-07-01;"CENTRO-NORTE";30;5;0;0;30;21;0;0;25;0;9;0;30;5;25;30;21;9;60;26;34;0,1667;NA;0,7;NA;0,1667;0,7;0,4333
2021-07-01;"EXTREMO-SUL";30;20;0;0;55;40;0;0;10;0;15;0;30;20;10;55;40;15;85;60;25;0,6667;NA;0,7273;NA;0,6667;0,7273;0,7059
2021-07-01;"LESTE";1042;522;37;30;936;656;27;19;520;7;280;8;1079;552;527;963;675;288;2042;1227;815;0,501;0,8108;0,7009;0,7037;0,5116;0,7009;0,6009
2021-07-01;"NORDESTE";9;1;4;4;8;5;0;0;8;0;3;0;13;5;8;8;5;3;21;10;11;0,1111;1;0,625;NA;0,3846;0,625;0,4762
2021-07-01;"NORTE";95;16;0;0;80;61;0;0;79;0;19;0;95;16;79;80;61;19;175;77;98;0,1684;NA;0,7625;NA;0,1684;0,7625;0,44
2021-07-01;"OESTE";92;45;0;0;70;58;0;0;47;0;12;0;92;45;47;70;58;12;162;103;59;0,4891;NA;0,8286;NA;0,4891;0,8286;0,6358
2021-07-01;"SUDOESTE";116;65;0;0;120;98;0;0;51;0;22;0;116;65;51;120;98;22;236;163;73;0,5603;NA;0,8167;NA;0,5603;0,8167;0,6907
2021-07-01;"SUL";216;90;10;3;176;131;3;2;126;7;45;1;226;93;133;179;133;46;405;226;179;0,4167;0,3;0,7443;0,6667;0,4115;0,743;0,558
2021-07-02;"CENTRO-LESTE";127;85;16;9;133;105;5;5;42;7;28;0;143;94;49;138;110;28;281;204;77;0,6693;0,5625;0,7895;1;0,6573;0,7971;0,726
2021-07-02;"CENTRO-NORTE";30;6;0;0;30;22;0;0;24;0;8;0;30;6;24;30;22;8;60;28;32;0,2;NA;0,7333;NA;0,2;0,7333;0,4667
2021-07-02;"EXTREMO-SUL";30;18;0;0;55;44;0;0;12;0;11;0;30;18;12;55;44;11;85;62;23;0,6;NA;0,8;NA;0,6;0,8;0,7294
2021-07-02;"LESTE";1042;522;37;27;936;652;27;16;520;10;284;11;1079;549;530;963;668;295;2042;1217;825;0,501;0,7297;0,6966;0,5926;0,5088;0,6937;0,596
2021-07-02;"NORDESTE";9;1;4;4;8;5;0;0;8;0;3;0;13;5;8;8;5;3;21;10;11;0,1111;1;0,625;NA;0,3846;0,625;0,4762
2021-07-02;"NORTE";95;18;0;0;80;60;0;0;77;0;20;0;95;18;77;80;60;20;175;78;97;0,1895;NA;0,75;NA;0,1895;0,75;0,4457
2021-07-02;"OESTE";92;40;0;0;70;54;0;0;52;0;16;0;92;40;52;70;54;16;162;94;68;0,4348;NA;0,7714;NA;0,4348;0,7714;0,5802
2021-07-02;"SUDOESTE";116;66;0;0;120;96;0;0;50;0;24;0;116;66;50;120;96;24;236;162;74;0,569;NA;0,8;NA;0,569;0,8;0,6864
2021-07-02;"SUL";216;89;10;3;176;130;3;2;127;7;46;1;226;92;134;179;132;47;405;224;181;0,412;0,3;0,7386;0,6667;0,4071;0,7374;0,5531
2021-07-03;"CENTRO-LESTE";127;75;16;9;133;104;5;5;52;7;29;0;143;84;59;138;109;29;281;193;88;0,5906;0,5625;0,782;1;0,5874;0,7899;0,6868
2021-07-03;"CENTRO-NORTE";30;6;0;0;30;22;0;0;24;0;8;0;30;6;24;30;22;8;60;28;32;0,2;NA;0,7333;NA;0,2;0,7333;0,4667
2021-07-03;"EXTREMO-SUL";30;17;0;0;55;44;0;0;13;0;11;0;30;17;13;55;44;11;85;61;24;0,5667;NA;0,8;NA;0,5667;0,8;0,7176
2021-07-03;"LESTE";1042;507;37;28;936;637;27;16;535;9;299;11;1079;535;544;963;653;310;2042;1188;854;0,4866;0,7568;0,6806;0,5926;0,4958;0,6781;0,5818
2021-07-03;"NORDESTE";9;1;4;4;8;5;0;0;8;0;3;0;13;5;8;8;5;3;21;10;11;0,1111;1;0,625;NA;0,3846;0,625;0,4762
2021-07-03;"NORTE";95;19;0;0;80;59;0;0;76;0;21;0;95;19;76;80;59;21;175;78;97;0,2;NA;0,7375;NA;0,2;0,7375;0,4457
2021-07-03;"OESTE";92;45;0;0;70;52;0;0;47;0;18;0;92;45;47;70;52;18;162;97;65;0,4891;NA;0,7429;NA;0,4891;0,7429;0,5988
2021-07-03;"SUDOESTE";116;63;0;0;120;102;0;0;53;0;18;0;116;63;53;120;102;18;236;165;71;0,5431;NA;0,85;NA;0,5431;0,85;0,6992
2021-07-03;"SUL";216;88;10;3;176;132;3;2;128;7;44;1;226;91;135;179;134;45;405;225;180;0,4074;0,3;0,75;0,6667;0,4027;0,7486;0,5556
2021-07-04;"CENTRO-LESTE";127;73;16;12;133;103;5;3;54;4;30;2;143;85;58;138;106;32;281;191;90;0,5748;0,75;0,7744;0,6;0,5944;0,7681;0,6797
2021-07-04;"CENTRO-NORTE";30;1;0;0;30;23;0;0;29;0;7;0;30;1;29;30;23;7;60;24;36;0,0333;NA;0,7667;NA;0,0333;0,7667;0,4
2021-07-04;"EXTREMO-SUL";30;19;0;0;55;45;0;0;11;0;10;0;30;19;11;55;45;10;85;64;21;0,6333;NA;0,8182;NA;0,6333;0,8182;0,7529
2021-07-04;"LESTE";1042;511;37;26;936;606;27;18;531;11;330;9;1079;537;542;963;624;339;2042;1161;881;0,4904;0,7027;0,6474;0,6667;0,4977;0,648;0,5686
2021-07-04;"NORDESTE";9;1;4;4;8;5;0;0;8;0;3;0;13;5;8;8;5;3;21;10;11;0,1111;1;0,625;NA;0,3846;0,625;0,4762
2021-07-04;"NORTE";95;20;0;0;80;60;0;0;75;0;20;0;95;20;75;80;60;20;175;80;95;0,2105;NA;0,75;NA;0,2105;0,75;0,4571
2021-07-04;"OESTE";92;52;0;0;70;51;0;0;40;0;19;0;92;52;40;70;51;19;162;103;59;0,5652;NA;0,7286;NA;0,5652;0,7286;0,6358
2021-07-04;"SUDOESTE";116;62;0;0;120;105;0;0;54;0;15;0;116;62;54;120;105;15;236;167;69;0,5345;NA;0,875;NA;0,5345;0,875;0,7076
2021-07-04;"SUL";216;93;10;3;176;133;3;2;123;7;43;1;226;96;130;179;135;44;405;231;174;0,4306;0,3;0,7557;0,6667;0,4248;0,7542;0,5704
2021-07-05;"CENTRO-LESTE";127;78;16;11;133;105;5;3;49;5;28;2;143;89;54;138;108;30;281;197;84;0,6142;0,6875;0,7895;0,6;0,6224;0,7826;0,7011
2021-07-05;"CENTRO-NORTE";30;7;0;0;30;20;0;0;23;0;10;0;30;7;23;30;20;10;60;27;33;0,2333;NA;0,6667;NA;0,2333;0,6667;0,45
2021-07-05;"EXTREMO-SUL";30;17;0;0;55;41;0;0;13;0;14;0;30;17;13;55;41;14;85;58;27;0,5667;NA;0,7455;NA;0,5667;0,7455;0,6824
2021-07-05;"LESTE";1042;494;37;28;936;599;27;18;548;9;337;9;1079;522;557;963;617;346;2042;1139;903;0,4741;0,7568;0,64;0,6667;0,4838;0,6407;0,5578
2021-07-05;"NORDESTE";9;0;4;2;8;5;0;0;9;2;3;0;13;2;11;8;5;3;21;7;14;0;0,5;0,625;NA;0,1538;0,625;0,3333
2021-07-05;"NORTE";95;14;0;0;80;54;0;0;81;0;26;0;95;14;81;80;54;26;175;68;107;0,1474;NA;0,675;NA;0,1474;0,675;0,3886
2021-07-05;"OESTE";92;53;0;0;70;50;0;0;39;0;20;0;92;53;39;70;50;20;162;103;59;0,5761;NA;0,7143;NA;0,5761;0,7143;0,6358
2021-07-05;"SUDOESTE";116;65;0;0;120;108;0;0;51;0;12;0;116;65;51;120;108;12;236;173;63;0,5603;NA;0,9;NA;0,5603;0,9;0,7331
2021-07-05;"SUL";216;66;10;2;176;139;3;1;150;8;37;2;226;68;158;179;140;39;405;208;197;0,3056;0,2;0,7898;0,3333;0,3009;0,7821;0,5136
2021-07-06;"CENTRO-LESTE";127;81;16;14;133;108;5;5;46;2;25;0;143;95;48;138;113;25;281;208;73;0,6378;0,875;0,812;1;0,6643;0,8188;0,7402
2021-07-06;"CENTRO-NORTE";30;8;0;0;30;20;0;0;22;0;10;0;30;8;22;30;20;10;60;28;32;0,2667;NA;0,6667;NA;0,2667;0,6667;0,4667
2021-07-06;"EXTREMO-SUL";30;19;0;0;55;41;0;0;11;0;14;0;30;19;11;55;41;14;85;60;25;0,6333;NA;0,7455;NA;0,6333;0,7455;0,7059
2021-07-06;"LESTE";1042;522;37;29;936;587;27;18;520;8;349;9;1079;551;528;963;605;358;2042;1156;886;0,501;0,7838;0,6271;0,6667;0,5107;0,6282;0,5661
2021-07-06;"NORDESTE";9;2;4;2;8;8;0;0;7;2;0;0;13;4;9;8;8;0;21;12;9;0,2222;0,5;1;NA;0,3077;1;0,5714
2021-07-06;"NORTE";95;15;0;0;80;51;0;0;80;0;29;0;95;15;80;80;51;29;175;66;109;0,1579;NA;0,6375;NA;0,1579;0,6375;0,3771
2021-07-06;"OESTE";92;46;0;0;70;53;0;0;46;0;17;0;92;46;46;70;53;17;162;99;63;0,5;NA;0,7571;NA;0,5;0,7571;0,6111
2021-07-06;"SUDOESTE";116;66;0;0;120;110;0;0;50;0;10;0;116;66;50;120;110;10;236;176;60;0,569;NA;0,9167;NA;0,569;0,9167;0,7458
2021-07-06;"SUL";216;71;10;2;176;126;3;1;145;8;50;2;226;73;153;179;127;52;405;200;205;0,3287;0,2;0,7159;0,3333;0,323;0,7095;0,4938
2021-07-07;"CENTRO-LESTE";127;80;16;15;133;106;5;5;47;1;27;0;143;95;48;138;111;27;281;206;75;0,6299;0,9375;0,797;1;0,6643;0,8043;0,7331
2021-07-07;"CENTRO-NORTE";30;9;0;0;30;19;0;0;21;0;11;0;30;9;21;30;19;11;60;28;32;0,3;NA;0,6333;NA;0,3;0,6333;0,4667
2021-07-07;"EXTREMO-SUL";30;19;0;0;55;45;0;0;11;0;10;0;30;19;11;55;45;10;85;64;21;0,6333;NA;0,8182;NA;0,6333;0,8182;0,7529
2021-07-07;"LESTE";938;487;37;27;916;577;27;16;451;10;339;11;975;514;461;943;593;350;1918;1107;811;0,5192;0,7297;0,6299;0,5926;0,5272;0,6288;0,5772
2021-07-07;"NORDESTE";9;2;4;1;8;8;0;0;7;3;0;0;13;3;10;8;8;0;21;11;10;0,2222;0,25;1;NA;0,2308;1;0,5238
2021-07-07;"NORTE";95;18;0;0;80;45;0;0;77;0;35;0;95;18;77;80;45;35;175;63;112;0,1895;NA;0,5625;NA;0,1895;0,5625;0,36
2021-07-07;"OESTE";92;45;0;0;70;52;0;0;47;0;18;0;92;45;47;70;52;18;162;97;65;0,4891;NA;0,7429;NA;0,4891;0,7429;0,5988
2021-07-07;"SUDOESTE";116;59;0;0;120;110;0;0;57;0;10;0;116;59;57;120;110;10;236;169;67;0,5086;NA;0,9167;NA;0,5086;0,9167;0,7161
2021-07-07;"SUL";216;86;10;2;176;120;3;3;130;8;56;0;226;88;138;179;123;56;405;211;194;0,3981;0,2;0,6818;1;0,3894;0,6872;0,521
2021-07-08;"CENTRO-LESTE";127;77;16;13;133;106;5;5;50;3;27;0;143;90;53;138;111;27;281;201;80;0,6063;0,8125;0,797;1;0,6294;0,8043;0,7153
2021-07-08;"CENTRO-NORTE";30;8;0;0;30;19;0;0;22;0;11;0;30;8;22;30;19;11;60;27;33;0,2667;NA;0,6333;NA;0,2667;0,6333;0,45
2021-07-08;"EXTREMO-SUL";30;22;0;0;55;45;0;0;8;0;10;0;30;22;8;55;45;10;85;67;18;0,7333;NA;0,8182;NA;0,7333;0,8182;0,7882
2021-07-08;"LESTE";938;474;37;27;916;562;27;17;464;10;354;10;975;501;474;943;579;364;1918;1080;838;0,5053;0,7297;0,6135;0,6296;0,5138;0,614;0,5631
2021-07-08;"NORDESTE";9;1;4;1;8;5;0;0;8;3;3;0;13;2;11;8;5;3;21;7;14;0,1111;0,25;0,625;NA;0,1538;0,625;0,3333
2021-07-08;"NORTE";95;18;0;0;80;44;0;0;77;0;36;0;95;18;77;80;44;36;175;62;113;0,1895;NA;0,55;NA;0,1895;0,55;0,3543
2021-07-08;"OESTE";92;40;0;0;70;51;0;0;52;0;19;0;92;40;52;70;51;19;162;91;71;0,4348;NA;0,7286;NA;0,4348;0,7286;0,5617
2021-07-08;"SUDOESTE";116;57;0;0;120;108;0;0;59;0;12;0;116;57;59;120;108;12;236;165;71;0,4914;NA;0,9;NA;0,4914;0,9;0,6992
2021-07-08;"SUL";216;87;10;2;176;122;3;3;129;8;54;0;226;89;137;179;125;54;405;214;191;0,4028;0,2;0,6932;1;0,3938;0,6983;0,5284
2021-07-09;"CENTRO-LESTE";127;78;16;12;133;105;5;5;49;4;28;0;143;90;53;138;110;28;281;200;81;0,6142;0,75;0,7895;1;0,6294;0,7971;0,7117
2021-07-09;"CENTRO-NORTE";30;14;0;0;30;15;0;0;16;0;15;0;30;14;16;30;15;15;60;29;31;0,4667;NA;0,5;NA;0,4667;0,5;0,4833
2021-07-09;"EXTREMO-SUL";30;20;0;0;55;47;0;0;10;0;8;0;30;20;10;55;47;8;85;67;18;0,6667;NA;0,8545;NA;0,6667;0,8545;0,7882
2021-07-09;"LESTE";938;478;37;29;916;556;27;15;460;8;360;12;975;507;468;943;571;372;1918;1078;840;0,5096;0,7838;0,607;0,5556;0,52;0,6055;0,562
2021-07-09;"NORDESTE";9;1;4;1;8;3;0;0;8;3;5;0;13;2;11;8;3;5;21;5;16;0,1111;0,25;0,375;NA;0,1538;0,375;0,2381
2021-07-09;"NORTE";95;21;0;0;80;45;0;0;74;0;35;0;95;21;74;80;45;35;175;66;109;0,2211;NA;0,5625;NA;0,2211;0,5625;0,3771
2021-07-09;"OESTE";92;35;0;0;70;55;0;0;57;0;15;0;92;35;57;70;55;15;162;90;72;0,3804;NA;0,7857;NA;0,3804;0,7857;0,5556
2021-07-09;"SUDOESTE";116;65;0;0;120;111;0;0;51;0;9;0;116;65;51;120;111;9;236;176;60;0,5603;NA;0,925;NA;0,5603;0,925;0,7458
2021-07-09;"SUL";216;88;10;2;176;117;3;3;128;8;59;0;226;90;136;179;120;59;405;210;195;0,4074;0,2;0,6648;1;0,3982;0,6704;0,5185
2021-07-10;"CENTRO-LESTE";127;84;16;11;133;95;5;5;43;5;38;0;143;95;48;138;100;38;281;195;86;0,6614;0,6875;0,7143;1;0,6643;0,7246;0,694
2021-07-10;"CENTRO-NORTE";30;12;0;0;30;23;0;0;18;0;7;0;30;12;18;30;23;7;60;35;25;0,4;NA;0,7667;NA;0,4;0,7667;0,5833
2021-07-10;"EXTREMO-SUL";30;19;0;0;55;48;0;0;11;0;7;0;30;19;11;55;48;7;85;67;18;0,6333;NA;0,8727;NA;0,6333;0,8727;0,7882
2021-07-10;"LESTE";938;451;37;30;916;534;27;19;487;7;382;8;975;481;494;943;553;390;1918;1034;884;0,4808;0,8108;0,583;0,7037;0,4933;0,5864;0,5391
2021-07-10;"NORDESTE";9;1;4;1;8;3;0;0;8;3;5;0;13;2;11;8;3;5;21;5;16;0,1111;0,25;0,375;NA;0,1538;0,375;0,2381
2021-07-10;"NORTE";95;21;0;0;80;46;0;0;74;0;34;0;95;21;74;80;46;34;175;67;108;0,2211;NA;0,575;NA;0,2211;0,575;0,3829
2021-07-10;"OESTE";92;32;0;0;70;54;0;0;60;0;16;0;92;32;60;70;54;16;162;86;76;0,3478;NA;0,7714;NA;0,3478;0,7714;0,5309
2021-07-10;"SUDOESTE";116;65;0;0;120;112;0;0;51;0;8;0;116;65;51;120;112;8;236;177;59;0,5603;NA;0,9333;NA;0,5603;0,9333;0,75
2021-07-10;"SUL";216;91;10;2;176;119;3;3;125;8;57;0;226;93;133;179;122;57;405;215;190;0,4213;0,2;0,6761;1;0,4115;0,6816;0,5309
2021-07-11;"CENTRO-LESTE";127;82;16;9;133;97;5;5;45;7;36;0;143;91;52;138;102;36;281;193;88;0,6457;0,5625;0,7293;1;0,6364;0,7391;0,6868
2021-07-11;"CENTRO-NORTE";30;14;0;0;30;23;0;0;16;0;7;0;30;14;16;30;23;7;60;37;23;0,4667;NA;0,7667;NA;0,4667;0,7667;0,6167
2021-07-11;"EXTREMO-SUL";30;18;0;0;55;46;0;0;12;0;9;0;30;18;12;55;46;9;85;64;21;0,6;NA;0,8364;NA;0,6;0,8364;0,7529
2021-07-11;"LESTE";938;423;37;33;916;533;27;17;515;4;383;10;975;456;519;943;550;393;1918;1006;912;0,451;0,8919;0,5819;0,6296;0,4677;0,5832;0,5245
2021-07-11;"NORDESTE";9;1;4;1;8;3;0;0;8;3;5;0;13;2;11;8;3;5;21;5;16;0,1111;0,25;0,375;NA;0,1538;0,375;0,2381
2021-07-11;"NORTE";95;21;0;0;80;46;0;0;74;0;34;0;95;21;74;80;46;34;175;67;108;0,2211;NA;0,575;NA;0,2211;0,575;0,3829
2021-07-11;"OESTE";92;33;0;0;70;55;0;0;59;0;15;0;92;33;59;70;55;15;162;88;74;0,3587;NA;0,7857;NA;0,3587;0,7857;0,5432
2021-07-11;"SUDOESTE";116;69;0;0;120;106;0;0;47;0;14;0;116;69;47;120;106;14;236;175;61;0,5948;NA;0,8833;NA;0,5948;0,8833;0,7415
2021-07-11;"SUL";216;109;10;2;176;117;3;1;107;8;59;2;226;111;115;179;118;61;405;229;176;0,5046;0,2;0,6648;0,3333;0,4912;0,6592;0,5654
2021-07-12;"CENTRO-LESTE";127;75;16;11;133;90;5;2;52;5;43;3;143;86;57;138;92;46;281;178;103;0,5906;0,6875;0,6767;0,4;0,6014;0,6667;0,6335
2021-07-12;"CENTRO-NORTE";30;12;0;0;30;23;0;0;18;0;7;0;30;12;18;30;23;7;60;35;25;0,4;NA;0,7667;NA;0,4;0,7667;0,5833
2021-07-12;"EXTREMO-SUL";30;18;0;0;55;46;0;0;12;0;9;0;30;18;12;55;46;9;85;64;21;0,6;NA;0,8364;NA;0,6;0,8364;0,7529
2021-07-12;"LESTE";938;433;37;30;916;511;27;17;505;7;405;10;975;463;512;943;528;415;1918;991;927;0,4616;0,8108;0,5579;0,6296;0,4749;0,5599;0,5167
2021-07-12;"NORDESTE";9;1;4;1;8;3;0;0;8;3;5;0;13;2;11;8;3;5;21;5;16;0,1111;0,25;0,375;NA;0,1538;0,375;0,2381
2021-07-12;"NORTE";95;22;0;0;80;43;0;0;73;0;37;0;95;22;73;80;43;37;175;65;110;0,2316;NA;0,5375;NA;0,2316;0,5375;0,3714
2021-07-12;"OESTE";92;32;0;0;70;52;0;0;60;0;18;0;92;32;60;70;52;18;162;84;78;0,3478;NA;0,7429;NA;0,3478;0,7429;0,5185
2021-07-12;"SUDOESTE";116;70;0;0;120;105;0;0;46;0;15;0;116;70;46;120;105;15;236;175;61;0,6034;NA;0,875;NA;0,6034;0,875;0,7415
2021-07-12;"SUL";216;103;10;2;176;116;3;2;113;8;60;1;226;105;121;179;118;61;405;223;182;0,4769;0,2;0,6591;0,6667;0,4646;0,6592;0,5506
2021-07-13;"CENTRO-LESTE";127;83;16;11;133;92;5;4;44;5;41;1;143;94;49;138;96;42;281;190;91;0,6535;0,6875;0,6917;0,8;0,6573;0,6957;0,6762
2021-07-13;"CENTRO-NORTE";30;9;0;0;30;23;0;0;21;0;7;0;30;9;21;30;23;7;60;32;28;0,3;NA;0,7667;NA;0,3;0,7667;0,5333
2021-07-13;"EXTREMO-SUL";30;18;0;0;55;48;0;0;12;0;7;0;30;18;12;55;48;7;85;66;19;0,6;NA;0,8727;NA;0,6;0,8727;0,7765
2021-07-13;"LESTE";938;432;37;30;916;493;27;15;506;7;423;12;975;462;513;943;508;435;1918;970;948;0,4606;0,8108;0,5382;0,5556;0,4738;0,5387;0,5057
2021-07-13;"NORDESTE";9;2;4;1;8;7;0;0;7;3;1;0;13;3;10;8;7;1;21;10;11;0,2222;0,25;0,875;NA;0,2308;0,875;0,4762
2021-07-13;"NORTE";95;23;0;0;80;47;0;0;72;0;33;0;95;23;72;80;47;33;175;70;105;0,2421;NA;0,5875;NA;0,2421;0,5875;0,4
2021-07-13;"OESTE";92;37;0;0;70;47;0;0;55;0;23;0;92;37;55;70;47;23;162;84;78;0,4022;NA;0,6714;NA;0,4022;0,6714;0,5185
2021-07-13;"SUDOESTE";116;72;0;0;120;105;0;0;44;0;15;0;116;72;44;120;105;15;236;177;59;0,6207;NA;0,875;NA;0,6207;0,875;0,75
2021-07-13;"SUL";216;102;10;2;176;122;3;2;114;8;54;1;226;104;122;179;124;55;405;228;177;0,4722;0,2;0,6932;0,6667;0,4602;0,6927;0,563
2021-07-14;"CENTRO-LESTE";127;78;16;12;133;99;5;5;49;4;34;0;143;90;53;138;104;34;281;194;87;0,6142;0,75;0,7444;1;0,6294;0,7536;0,6904
2021-07-14;"CENTRO-NORTE";30;6;0;0;30;21;0;0;24;0;9;0;30;6;24;30;21;9;60;27;33;0,2;NA;0,7;NA;0,2;0,7;0,45
2021-07-14;"EXTREMO-SUL";30;20;0;0;55;45;0;0;10;0;10;0;30;20;10;55;45;10;85;65;20;0,6667;NA;0,8182;NA;0,6667;0,8182;0,7647
2021-07-14;"LESTE";918;412;37;31;866;463;27;18;506;6;403;9;955;443;512;893;481;412;1848;924;924;0,4488;0,8378;0,5346;0,6667;0,4639;0,5386;0,5
2021-07-14;"NORDESTE";9;4;4;1;8;8;0;0;5;3;0;0;13;5;8;8;8;0;21;13;8;0,4444;0,25;1;NA;0,3846;1;0,619
2021-07-14;"NORTE";95;24;0;0;80;46;0;0;71;0;34;0;95;24;71;80;46;34;175;70;105;0,2526;NA;0,575;NA;0,2526;0,575;0,4
2021-07-14;"OESTE";92;36;0;0;70;45;0;0;56;0;25;0;92;36;56;70;45;25;162;81;81;0,3913;NA;0,6429;NA;0,3913;0,6429;0,5
2021-07-14;"SUDOESTE";116;70;0;0;120;102;0;0;46;0;18;0;116;70;46;120;102;18;236;172;64;0,6034;NA;0,85;NA;0,6034;0,85;0,7288
2021-07-14;"SUL";216;103;10;3;176;124;3;2;113;7;52;1;226;106;120;179;126;53;405;232;173;0,4769;0,3;0,7045;0,6667;0,469;0,7039;0,5728
2021-07-15;"CENTRO-LESTE";127;79;16;10;133;90;5;4;48;6;43;1;143;89;54;138;94;44;281;183;98;0,622;0,625;0,6767;0,8;0,6224;0,6812;0,6512
2021-07-15;"CENTRO-NORTE";30;7;0;0;30;21;0;0;23;0;9;0;30;7;23;30;21;9;60;28;32;0,2333;NA;0,7;NA;0,2333;0,7;0,4667
2021-07-15;"EXTREMO-SUL";30;22;0;0;55;44;0;0;8;0;11;0;30;22;8;55;44;11;85;66;19;0,7333;NA;0,8;NA;0,7333;0,8;0,7765
2021-07-15;"LESTE";918;415;37;30;866;439;27;19;503;7;427;8;955;445;510;893;458;435;1848;903;945;0,4521;0,8108;0,5069;0,7037;0,466;0,5129;0,4886
2021-07-15;"NORDESTE";9;5;4;3;8;3;0;0;4;1;5;0;13;8;5;8;3;5;21;11;10;0,5556;0,75;0,375;NA;0,6154;0,375;0,5238
2021-07-15;"NORTE";95;25;0;0;80;43;0;0;70;0;37;0;95;25;70;80;43;37;175;68;107;0,2632;NA;0,5375;NA;0,2632;0,5375;0,3886
2021-07-15;"OESTE";92;37;0;0;70;43;0;0;55;0;27;0;92;37;55;70;43;27;162;80;82;0,4022;NA;0,6143;NA;0,4022;0,6143;0,4938
2021-07-15;"SUDOESTE";116;73;0;0;120;101;0;0;43;0;19;0;116;73;43;120;101;19;236;174;62;0,6293;NA;0,8417;NA;0,6293;0,8417;0,7373
2021-07-15;"SUL";216;105;10;3;176;119;3;2;111;7;57;1;226;108;118;179;121;58;405;229;176;0,4861;0,3;0,6761;0,6667;0,4779;0,676;0,5654
2021-07-16;"CENTRO-LESTE";127;69;16;9;133;96;5;2;58;7;37;3;143;78;65;138;98;40;281;176;105;0,5433;0,5625;0,7218;0,4;0,5455;0,7101;0,6263
2021-07-16;"CENTRO-NORTE";30;3;0;0;30;21;0;0;27;0;9;0;30;3;27;30;21;9;60;24;36;0,1;NA;0,7;NA;0,1;0,7;0,4
2021-07-16;"EXTREMO-SUL";30;22;0;0;55;38;0;0;8;0;17;0;30;22;8;55;38;17;85;60;25;0,7333;NA;0,6909;NA;0,7333;0,6909;0,7059
2021-07-16;"LESTE";918;404;37;31;866;427;27;19;514;6;439;8;955;435;520;893;446;447;1848;881;967;0,4401;0,8378;0,4931;0,7037;0,4555;0,4994;0,4767
2021-07-16;"NORDESTE";9;2;4;1;8;2;0;0;7;3;6;0;13;3;10;8;2;6;21;5;16;0,2222;0,25;0,25;NA;0,2308;0,25;0,2381
2021-07-16;"NORTE";95;19;0;0;80;45;0;0;76;0;35;0;95;19;76;80;45;35;175;64;111;0,2;NA;0,5625;NA;0,2;0,5625;0,3657
2021-07-16;"OESTE";92;37;0;0;70;44;0;0;55;0;26;0;92;37;55;70;44;26;162;81;81;0,4022;NA;0,6286;NA;0,4022;0,6286;0,5
2021-07-16;"SUDOESTE";116;70;0;0;120;99;0;0;46;0;21;0;116;70;46;120;99;21;236;169;67;0,6034;NA;0,825;NA;0,6034;0,825;0,7161
2021-07-16;"SUL";216;96;10;1;176;112;3;3;120;9;64;0;226;97;129;179;115;64;405;212;193;0,4444;0,1;0,6364;1;0,4292;0,6425;0,5235
2021-07-17;"CENTRO-LESTE";127;67;16;9;133;90;5;2;60;7;43;3;143;76;67;138;92;46;281;168;113;0,5276;0,5625;0,6767;0,4;0,5315;0,6667;0,5979
2021-07-17;"CENTRO-NORTE";30;3;0;0;30;20;0;0;27;0;10;0;30;3;27;30;20;10;60;23;37;0,1;NA;0,6667;NA;0,1;0,6667;0,3833
2021-07-17;"EXTREMO-SUL";30;18;0;0;55;39;0;0;12;0;16;0;30;18;12;55;39;16;85;57;28;0,6;NA;0,7091;NA;0,6;0,7091;0,6706
2021-07-17;"LESTE";918;388;37;33;866;430;27;18;530;4;436;9;955;421;534;893;448;445;1848;869;979;0,4227;0,8919;0,4965;0,6667;0,4408;0,5017;0,4702
2021-07-17;"NORDESTE";9;2;4;1;8;2;0;0;7;3;6;0;13;3;10;8;2;6;21;5;16;0,2222;0,25;0,25;NA;0,2308;0,25;0,2381
2021-07-17;"NORTE";95;24;0;0;80;47;0;0;71;0;33;0;95;24;71;80;47;33;175;71;104;0,2526;NA;0,5875;NA;0,2526;0,5875;0,4057
2021-07-17;"OESTE";92;36;0;0;70;49;0;0;56;0;21;0;92;36;56;70;49;21;162;85;77;0,3913;NA;0,7;NA;0,3913;0,7;0,5247
2021-07-17;"SUDOESTE";116;70;0;0;120;103;0;0;46;0;17;0;116;70;46;120;103;17;236;173;63;0,6034;NA;0,8583;NA;0,6034;0,8583;0,7331
2021-07-17;"SUL";236;97;10;3;176;114;3;2;139;7;62;1;246;100;146;179;116;63;425;216;209;0,411;0,3;0,6477;0,6667;0,4065;0,648;0,5082
2021-07-18;"CENTRO-LESTE";127;62;16;10;133;92;5;3;65;6;41;2;143;72;71;138;95;43;281;167;114;0,4882;0,625;0,6917;0,6;0,5035;0,6884;0,5943
2021-07-18;"CENTRO-NORTE";30;3;0;0;30;20;0;0;27;0;10;0;30;3;27;30;20;10;60;23;37;0,1;NA;0,6667;NA;0,1;0,6667;0,3833
2021-07-18;"EXTREMO-SUL";30;18;0;0;55;38;0;0;12;0;17;0;30;18;12;55;38;17;85;56;29;0,6;NA;0,6909;NA;0,6;0,6909;0,6588
2021-07-18;"LESTE";918;376;37;29;866;435;27;16;542;8;431;11;955;405;550;893;451;442;1848;856;992;0,4096;0,7838;0,5023;0,5926;0,4241;0,505;0,4632
2021-07-18;"NORDESTE";9;2;4;1;8;2;0;0;7;3;6;0;13;3;10;8;2;6;21;5;16;0,2222;0,25;0,25;NA;0,2308;0,25;0,2381
2021-07-18;"NORTE";95;23;0;0;80;48;0;0;72;0;32;0;95;23;72;80;48;32;175;71;104;0,2421;NA;0,6;NA;0,2421;0,6;0,4057
2021-07-18;"OESTE";92;37;0;0;70;50;0;0;55;0;20;0;92;37;55;70;50;20;162;87;75;0,4022;NA;0,7143;NA;0,4022;0,7143;0,537
2021-07-18;"SUDOESTE";116;63;0;0;120;98;0;0;53;0;22;0;116;63;53;120;98;22;236;161;75;0,5431;NA;0,8167;NA;0,5431;0,8167;0,6822
2021-07-18;"SUL";236;91;10;3;176;114;3;2;145;7;62;1;246;94;152;179;116;63;425;210;215;0,3856;0,3;0,6477;0,6667;0,3821;0,648;0,4941
2021-07-19;"CENTRO-LESTE";143;60;16;13;133;91;5;3;83;3;42;2;159;73;86;138;94;44;297;167;130;0,4196;0,8125;0,6842;0,6;0,4591;0,6812;0,5623
2021-07-19;"CENTRO-NORTE";30;4;0;0;30;19;0;0;26;0;11;0;30;4;26;30;19;11;60;23;37;0,1333;NA;0,6333;NA;0,1333;0,6333;0,3833
2021-07-19;"EXTREMO-SUL";30;10;0;0;55;41;0;0;20;0;14;0;30;10;20;55;41;14;85;51;34;0,3333;NA;0,7455;NA;0,3333;0,7455;0,6
2021-07-19;"LESTE";888;366;37;27;836;435;27;15;522;10;401;12;925;393;532;863;450;413;1788;843;945;0,4122;0,7297;0,5203;0,5556;0,4249;0,5214;0,4715
2021-07-19;"NORDESTE";9;2;4;3;8;2;0;0;7;1;6;0;13;5;8;8;2;6;21;7;14;0,2222;0,75;0,25;NA;0,3846;0,25;0,3333
2021-07-19;"NORTE";95;28;0;0;80;54;0;0;67;0;26;0;95;28;67;80;54;26;175;82;93;0,2947;NA;0,675;NA;0,2947;0,675;0,4686
2021-07-19;"OESTE";92;32;0;0;70;48;0;0;60;0;22;0;92;32;60;70;48;22;162;80;82;0,3478;NA;0,6857;NA;0,3478;0,6857;0,4938
2021-07-19;"SUDOESTE";116;50;0;0;120;95;0;0;66;0;25;0;116;50;66;120;95;25;236;145;91;0,431;NA;0,7917;NA;0,431;0,7917;0,6144
2021-07-19;"SUL";236;96;10;6;176;119;3;3;140;4;57;0;246;102;144;179;122;57;425;224;201;0,4068;0,6;0,6761;1;0,4146;0,6816;0,5271
2021-07-20;"CENTRO-LESTE";143;54;16;12;133;88;5;4;89;4;45;1;159;66;93;138;92;46;297;158;139;0,3776;0,75;0,6617;0,8;0,4151;0,6667;0,532
2021-07-20;"CENTRO-NORTE";30;4;0;0;30;19;0;0;26;0;11;0;30;4;26;30;19;11;60;23;37;0,1333;NA;0,6333;NA;0,1333;0,6333;0,3833
2021-07-20;"EXTREMO-SUL";30;16;0;0;55;37;0;0;14;0;18;0;30;16;14;55;37;18;85;53;32;0,5333;NA;0,6727;NA;0,5333;0,6727;0,6235
2021-07-20;"LESTE";888;356;37;30;836;428;27;15;532;7;408;12;925;386;539;863;443;420;1788;829;959;0,4009;0,8108;0,512;0,5556;0,4173;0,5133;0,4636
2021-07-20;"NORDESTE";9;3;4;2;8;4;0;0;6;2;4;0;13;5;8;8;4;4;21;9;12;0,3333;0,5;0,5;NA;0,3846;0,5;0,4286
2021-07-20;"NORTE";95;20;0;0;80;48;0;0;75;0;32;0;95;20;75;80;48;32;175;68;107;0,2105;NA;0,6;NA;0,2105;0,6;0,3886
2021-07-20;"OESTE";92;38;0;0;70;43;0;0;54;0;27;0;92;38;54;70;43;27;162;81;81;0,413;NA;0,6143;NA;0,413;0,6143;0,5
2021-07-20;"SUDOESTE";116;42;0;0;120;95;0;0;74;0;25;0;116;42;74;120;95;25;236;137;99;0,3621;NA;0,7917;NA;0,3621;0,7917;0,5805
2021-07-20;"SUL";236;109;10;3;176;105;3;3;127;7;71;0;246;112;134;179;108;71;425;220;205;0,4619;0,3;0,5966;1;0,4553;0,6034;0,5176
2021-07-21;"CENTRO-LESTE";143;51;16;11;133;91;5;4;92;5;42;1;159;62;97;138;95;43;297;157;140;0,3566;0,6875;0,6842;0,8;0,3899;0,6884;0,5286
2021-07-21;"CENTRO-NORTE";30;9;0;0;30;19;0;0;21;0;11;0;30;9;21;30;19;11;60;28;32;0,3;NA;0,6333;NA;0,3;0,6333;0,4667
2021-07-21;"EXTREMO-SUL";30;16;0;0;55;39;0;0;14;0;16;0;30;16;14;55;39;16;85;55;30;0,5333;NA;0,7091;NA;0,5333;0,7091;0,6471
2021-07-21;"LESTE";883;361;37;27;806;402;27;17;522;10;404;10;920;388;532;833;419;414;1753;807;946;0,4088;0,7297;0,4988;0,6296;0,4217;0,503;0,4604
2021-07-21;"NORDESTE";9;2;4;1;8;2;0;0;7;3;6;0;13;3;10;8;2;6;21;5;16;0,2222;0,25;0,25;NA;0,2308;0,25;0,2381
2021-07-21;"NORTE";95;22;0;0;80;46;0;0;73;0;34;0;95;22;73;80;46;34;175;68;107;0,2316;NA;0,575;NA;0,2316;0,575;0,3886
2021-07-21;"OESTE";92;37;0;0;70;40;0;0;55;0;30;0;92;37;55;70;40;30;162;77;85;0,4022;NA;0,5714;NA;0,4022;0,5714;0,4753
2021-07-21;"SUDOESTE";116;44;0;0;120;94;0;0;72;0;26;0;116;44;72;120;94;26;236;138;98;0,3793;NA;0,7833;NA;0,3793;0,7833;0,5847
2021-07-21;"SUL";236;105;10;3;176;109;3;3;131;7;67;0;246;108;138;179;112;67;425;220;205;0,4449;0,3;0,6193;1;0,439;0,6257;0,5176
2021-07-22;"CENTRO-LESTE";143;59;16;7;133;77;5;4;84;9;56;1;159;66;93;138;81;57;297;147;150;0,4126;0,4375;0,5789;0,8;0,4151;0,587;0,4949
2021-07-22;"CENTRO-NORTE";30;8;0;0;30;15;0;0;22;0;15;0;30;8;22;30;15;15;60;23;37;0,2667;NA;0,5;NA;0,2667;0,5;0,3833
2021-07-22;"EXTREMO-SUL";30;12;0;0;55;38;0;0;18;0;17;0;30;12;18;55;38;17;85;50;35;0,4;NA;0,6909;NA;0,4;0,6909;0,5882
2021-07-22;"LESTE";883;340;37;24;806;411;27;18;543;13;395;9;920;364;556;833;429;404;1753;793;960;0,3851;0,6486;0,5099;0,6667;0,3957;0,515;0,4524
2021-07-22;"NORDESTE";9;2;4;1;8;2;0;0;7;3;6;0;13;3;10;8;2;6;21;5;16;0,2222;0,25;0,25;NA;0,2308;0,25;0,2381
2021-07-22;"NORTE";95;24;0;0;80;45;0;0;71;0;35;0;95;24;71;80;45;35;175;69;106;0,2526;NA;0,5625;NA;0,2526;0,5625;0,3943
2021-07-22;"OESTE";92;39;0;0;70;36;0;0;53;0;34;0;92;39;53;70;36;34;162;75;87;0,4239;NA;0,5143;NA;0,4239;0,5143;0,463
2021-07-22;"SUDOESTE";116;46;0;0;120;96;0;0;70;0;24;0;116;46;70;120;96;24;236;142;94;0,3966;NA;0,8;NA;0,3966;0,8;0,6017
2021-07-22;"SUL";236;107;10;3;176;107;3;3;129;7;69;0;246;110;136;179;110;69;425;220;205;0,4534;0,3;0,608;1;0,4472;0,6145;0,5176
2021-07-23;"CENTRO-LESTE";143;55;16;12;133;82;5;4;88;4;51;1;159;67;92;138;86;52;297;153;144;0,3846;0,75;0,6165;0,8;0,4214;0,6232;0,5152
2021-07-23;"CENTRO-NORTE";30;7;0;0;30;15;0;0;23;0;15;0;30;7;23;30;15;15;60;22;38;0,2333;NA;0,5;NA;0,2333;0,5;0,3667
2021-07-23;"EXTREMO-SUL";30;12;0;0;55;35;0;0;18;0;20;0;30;12;18;55;35;20;85;47;38;0,4;NA;0,6364;NA;0,4;0,6364;0,5529
2021-07-23;"LESTE";883;335;37;30;806;406;27;18;548;7;400;9;920;365;555;833;424;409;1753;789;964;0,3794;0,8108;0,5037;0,6667;0,3967;0,509;0,4501
2021-07-23;"NORDESTE";9;3;4;0;8;2;0;0;6;4;6;0;13;3;10;8;2;6;21;5;16;0,3333;0;0,25;NA;0,2308;0,25;0,2381
2021-07-23;"NORTE";95;21;0;0;80;45;0;0;74;0;35;0;95;21;74;80;45;35;175;66;109;0,2211;NA;0,5625;NA;0,2211;0,5625;0,3771
2021-07-23;"OESTE";92;35;0;0;70;37;0;0;57;0;33;0;92;35;57;70;37;33;162;72;90;0,3804;NA;0,5286;NA;0,3804;0,5286;0,4444
2021-07-23;"SUDOESTE";116;47;0;0;120;100;0;0;69;0;20;0;116;47;69;120;100;20;236;147;89;0,4052;NA;0,8333;NA;0,4052;0,8333;0,6229
2021-07-23;"SUL";236;105;10;3;176;109;3;3;131;7;67;0;246;108;138;179;112;67;425;220;205;0,4449;0,3;0,6193;1;0,439;0,6257;0,5176
2021-07-24;"CENTRO-LESTE";143;52;16;11;133;82;5;3;91;5;51;2;159;63;96;138;85;53;297;148;149;0,3636;0,6875;0,6165;0,6;0,3962;0,6159;0,4983
2021-07-24;"CENTRO-NORTE";30;6;0;0;30;14;0;0;24;0;16;0;30;6;24;30;14;16;60;20;40;0,2;NA;0,4667;NA;0,2;0,4667;0,3333
2021-07-24;"EXTREMO-SUL";30;12;0;0;55;36;0;0;18;0;19;0;30;12;18;55;36;19;85;48;37;0,4;NA;0,6545;NA;0,4;0,6545;0,5647
2021-07-24;"LESTE";883;328;37;30;806;428;27;18;555;7;378;9;920;358;562;833;446;387;1753;804;949;0,3715;0,8108;0,531;0,6667;0,3891;0,5354;0,4586
2021-07-24;"NORDESTE";9;3;4;0;8;2;0;0;6;4;6;0;13;3;10;8;2;6;21;5;16;0,3333;0;0,25;NA;0,2308;0,25;0,2381
2021-07-24;"NORTE";95;19;0;0;80;45;0;0;76;0;35;0;95;19;76;80;45;35;175;64;111;0,2;NA;0,5625;NA;0,2;0,5625;0,3657
2021-07-24;"OESTE";92;35;0;0;70;37;0;0;57;0;33;0;92;35;57;70;37;33;162;72;90;0,3804;NA;0,5286;NA;0,3804;0,5286;0,4444
2021-07-24;"SUDOESTE";116;46;0;0;120;97;0;0;70;0;23;0;116;46;70;120;97;23;236;143;93;0,3966;NA;0,8083;NA;0,3966;0,8083;0,6059
2021-07-24;"SUL";236;107;10;3;176;106;3;3;129;7;70;0;246;110;136;179;109;70;425;219;206;0,4534;0,3;0,6023;1;0,4472;0,6089;0,5153
2021-07-25;"CENTRO-LESTE";143;53;16;11;133;78;5;3;90;5;55;2;159;64;95;138;81;57;297;145;152;0,3706;0,6875;0,5865;0,6;0,4025;0,587;0,4882
2021-07-25;"CENTRO-NORTE";30;2;0;0;30;13;0;0;28;0;17;0;30;2;28;30;13;17;60;15;45;0,0667;NA;0,4333;NA;0,0667;0,4333;0,25
2021-07-25;"EXTREMO-SUL";30;9;0;0;55;37;0;0;21;0;18;0;30;9;21;55;37;18;85;46;39;0,3;NA;0,6727;NA;0,3;0,6727;0,5412
2021-07-25;"LESTE";883;315;37;29;806;387;27;19;568;8;419;8;920;344;576;833;406;427;1753;750;1003;0,3567;0,7838;0,4801;0,7037;0,3739;0,4874;0,4278
2021-07-25;"NORDESTE";9;3;4;0;8;2;0;0;6;4;6;0;13;3;10;8;2;6;21;5;16;0,3333;0;0,25;NA;0,2308;0,25;0,2381
2021-07-25;"NORTE";95;10;0;0;80;41;0;0;85;0;39;0;95;10;85;80;41;39;175;51;124;0,1053;NA;0,5125;NA;0,1053;0,5125;0,2914
2021-07-25;"OESTE";92;23;0;0;70;35;0;0;69;0;35;0;92;23;69;70;35;35;162;58;104;0,25;NA;0,5;NA;0,25;0,5;0,358
2021-07-25;"SUDOESTE";116;46;0;0;120;98;0;0;70;0;22;0;116;46;70;120;98;22;236;144;92;0,3966;NA;0,8167;NA;0,3966;0,8167;0,6102
2021-07-25;"SUL";236;77;10;2;176;107;3;3;159;8;69;0;246;79;167;179;110;69;425;189;236;0,3263;0,2;0,608;1;0,3211;0,6145;0,4447
2021-07-26;"CENTRO-LESTE";143;57;16;11;133;74;5;3;86;5;59;2;159;68;91;138;77;61;297;145;152;0,3986;0,6875;0,5564;0,6;0,4277;0,558;0,4882
2021-07-26;"CENTRO-NORTE";30;2;0;0;30;16;0;0;28;0;14;0;30;2;28;30;16;14;60;18;42;0,0667;NA;0,5333;NA;0,0667;0,5333;0,3
2021-07-26;"EXTREMO-SUL";30;12;0;0;55;38;0;0;18;0;17;0;30;12;18;55;38;17;85;50;35;0,4;NA;0,6909;NA;0,4;0,6909;0,5882
2021-07-26;"LESTE";883;316;37;28;806;372;27;18;567;9;434;9;920;344;576;833;390;443;1753;734;1019;0,3579;0,7568;0,4615;0,6667;0,3739;0,4682;0,4187
2021-07-26;"NORDESTE";9;4;4;1;8;6;0;0;5;3;2;0;13;5;8;8;6;2;21;11;10;0,4444;0,25;0,75;NA;0,3846;0,75;0,5238
2021-07-26;"NORTE";95;10;0;0;80;42;0;0;85;0;38;0;95;10;85;80;42;38;175;52;123;0,1053;NA;0,525;NA;0,1053;0,525;0,2971
2021-07-26;"OESTE";92;23;0;0;70;35;0;0;69;0;35;0;92;23;69;70;35;35;162;58;104;0,25;NA;0,5;NA;0,25;0,5;0,358
2021-07-26;"SUDOESTE";116;46;0;0;120;100;0;0;70;0;20;0;116;46;70;120;100;20;236;146;90;0,3966;NA;0,8333;NA;0,3966;0,8333;0,6186
2021-07-26;"SUL";236;76;10;2;176;104;3;3;160;8;72;0;246;78;168;179;107;72;425;185;240;0,322;0,2;0,5909;1;0,3171;0,5978;0,4353
2021-07-27;"CENTRO-LESTE";143;56;16;4;133;71;5;3;87;12;62;2;159;60;99;138;74;64;297;134;163;0,3916;0,25;0,5338;0,6;0,3774;0,5362;0,4512
2021-07-27;"CENTRO-NORTE";30;4;0;0;30;16;0;0;26;0;14;0;30;4;26;30;16;14;60;20;40;0,1333;NA;0,5333;NA;0,1333;0,5333;0,3333
2021-07-27;"EXTREMO-SUL";30;14;0;0;55;38;0;0;16;0;17;0;30;14;16;55;38;17;85;52;33;0,4667;NA;0,6909;NA;0,4667;0,6909;0,6118
2021-07-27;"LESTE";883;320;37;29;806;365;27;18;563;8;441;9;920;349;571;833;383;450;1753;732;1021;0,3624;0,7838;0,4529;0,6667;0,3793;0,4598;0,4176
2021-07-27;"NORDESTE";9;4;4;0;8;5;0;0;5;4;3;0;13;4;9;8;5;3;21;9;12;0,4444;0;0,625;NA;0,3077;0,625;0,4286
2021-07-27;"NORTE";95;8;0;0;80;40;0;0;87;0;40;0;95;8;87;80;40;40;175;48;127;0,0842;NA;0,5;NA;0,0842;0,5;0,2743
2021-07-27;"OESTE";92;24;0;0;70;36;0;0;68;0;34;0;92;24;68;70;36;34;162;60;102;0,2609;NA;0,5143;NA;0,2609;0,5143;0,3704
2021-07-27;"SUDOESTE";116;43;0;0;120;101;0;0;73;0;19;0;116;43;73;120;101;19;236;144;92;0,3707;NA;0,8417;NA;0,3707;0,8417;0,6102
2021-07-27;"SUL";236;76;10;2;176;102;3;3;160;8;74;0;246;78;168;179;105;74;425;183;242;0,322;0,2;0,5795;1;0,3171;0,5866;0,4306
2021-07-28;"CENTRO-LESTE";143;58;16;4;123;74;5;3;85;12;49;2;159;62;97;128;77;51;287;139;148;0,4056;0,25;0,6016;0,6;0,3899;0,6016;0,4843
2021-07-28;"CENTRO-NORTE";30;5;0;0;30;15;0;0;25;0;15;0;30;5;25;30;15;15;60;20;40;0,1667;NA;0,5;NA;0,1667;0,5;0,3333
2021-07-28;"EXTREMO-SUL";30;12;0;0;55;33;0;0;18;0;22;0;30;12;18;55;33;22;85;45;40;0,4;NA;0,6;NA;0,4;0,6;0,5294
2021-07-28;"LESTE";828;310;37;32;766;352;27;18;518;5;414;9;865;342;523;793;370;423;1658;712;946;0,3744;0,8649;0,4595;0,6667;0,3954;0,4666;0,4294
2021-07-28;"NORDESTE";9;2;4;0;8;3;0;0;7;4;5;0;13;2;11;8;3;5;21;5;16;0,2222;0;0,375;NA;0,1538;0,375;0,2381
2021-07-28;"NORTE";95;8;0;0;80;40;0;0;87;0;40;0;95;8;87;80;40;40;175;48;127;0,0842;NA;0,5;NA;0,0842;0,5;0,2743
2021-07-28;"OESTE";92;29;0;0;70;39;0;0;63;0;31;0;92;29;63;70;39;31;162;68;94;0,3152;NA;0,5571;NA;0,3152;0,5571;0,4198
2021-07-28;"SUDOESTE";116;51;0;0;120;100;0;0;65;0;20;0;116;51;65;120;100;20;236;151;85;0,4397;NA;0,8333;NA;0,4397;0,8333;0,6398
2021-07-28;"SUL";236;68;10;2;176;101;3;3;168;8;75;0;246;70;176;179;104;75;425;174;251;0,2881;0,2;0,5739;1;0,2846;0,581;0,4094
2021-07-29;"CENTRO-LESTE";143;50;16;7;123;67;5;1;93;9;56;4;159;57;102;128;68;60;287;125;162;0,3497;0,4375;0,5447;0,2;0,3585;0,5312;0,4355
2021-07-29;"CENTRO-NORTE";30;8;0;0;30;14;0;0;22;0;16;0;30;8;22;30;14;16;60;22;38;0,2667;NA;0,4667;NA;0,2667;0,4667;0,3667
2021-07-29;"EXTREMO-SUL";30;10;0;0;55;33;0;0;20;0;22;0;30;10;20;55;33;22;85;43;42;0,3333;NA;0,6;NA;0,3333;0,6;0,5059
2021-07-29;"LESTE";828;296;37;27;766;345;27;17;532;10;421;10;865;323;542;793;362;431;1658;685;973;0,3575;0,7297;0,4504;0,6296;0,3734;0,4565;0,4131
2021-07-29;"NORDESTE";9;2;4;0;8;3;0;0;7;4;5;0;13;2;11;8;3;5;21;5;16;0,2222;0;0,375;NA;0,1538;0,375;0,2381
2021-07-29;"NORTE";95;8;0;0;80;42;0;0;87;0;38;0;95;8;87;80;42;38;175;50;125;0,0842;NA;0,525;NA;0,0842;0,525;0,2857
2021-07-29;"OESTE";92;28;0;0;70;36;0;0;64;0;34;0;92;28;64;70;36;34;162;64;98;0,3043;NA;0,5143;NA;0,3043;0,5143;0,3951
2021-07-29;"SUDOESTE";116;51;0;0;120;96;0;0;65;0;24;0;116;51;65;120;96;24;236;147;89;0,4397;NA;0,8;NA;0,4397;0,8;0,6229
2021-07-29;"SUL";236;72;10;2;176;98;3;3;164;8;78;0;246;74;172;179;101;78;425;175;250;0,3051;0,2;0,5568;1;0,3008;0,5642;0,4118
2021-07-30;"CENTRO-LESTE";143;48;16;7;123;60;5;2;95;9;63;3;159;55;104;128;62;66;287;117;170;0,3357;0,4375;0,4878;0,4;0,3459;0,4844;0,4077
2021-07-30;"CENTRO-NORTE";30;9;0;0;30;13;0;0;21;0;17;0;30;9;21;30;13;17;60;22;38;0,3;NA;0,4333;NA;0,3;0,4333;0,3667
2021-07-30;"EXTREMO-SUL";30;14;0;0;55;33;0;0;16;0;22;0;30;14;16;55;33;22;85;47;38;0,4667;NA;0,6;NA;0,4667;0,6;0,5529
2021-07-30;"LESTE";821;261;37;27;726;343;27;17;560;10;383;10;858;288;570;753;360;393;1611;648;963;0,3179;0,7297;0,4725;0,6296;0,3357;0,4781;0,4022
2021-07-30;"NORDESTE";9;1;4;1;8;3;0;0;8;3;5;0;13;2;11;8;3;5;21;5;16;0,1111;0,25;0,375;NA;0,1538;0,375;0,2381
2021-07-30;"NORTE";95;6;0;0;80;42;0;0;89;0;38;0;95;6;89;80;42;38;175;48;127;0,0632;NA;0,525;NA;0,0632;0,525;0,2743
2021-07-30;"OESTE";92;26;0;0;70;34;0;0;66;0;36;0;92;26;66;70;34;36;162;60;102;0,2826;NA;0,4857;NA;0,2826;0,4857;0,3704
2021-07-30;"SUDOESTE";116;43;0;0;120;95;0;0;73;0;25;0;116;43;73;120;95;25;236;138;98;0,3707;NA;0,7917;NA;0,3707;0,7917;0,5847
2021-07-30;"SUL";236;69;10;7;176;91;3;3;167;3;85;0;246;76;170;179;94;85;425;170;255;0,2924;0,7;0,517;1;0,3089;0,5251;0,4
2021-07-31;"CENTRO-LESTE";143;51;16;2;123;67;5;3;92;14;56;2;159;53;106;128;70;58;287;123;164;0,3566;0,125;0,5447;0,6;0,3333;0,5469;0,4286
2021-07-31;"CENTRO-NORTE";30;12;0;0;30;12;0;0;18;0;18;0;30;12;18;30;12;18;60;24;36;0,4;NA;0,4;NA;0,4;0,4;0,4
2021-07-31;"EXTREMO-SUL";30;13;0;0;55;34;0;0;17;0;21;0;30;13;17;55;34;21;85;47;38;0,4333;NA;0,6182;NA;0,4333;0,6182;0,5529
2021-07-31;"LESTE";821;257;37;26;726;336;27;19;564;11;390;8;858;283;575;753;355;398;1611;638;973;0,313;0,7027;0,4628;0,7037;0,3298;0,4714;0,396
2021-07-31;"NORDESTE";9;1;4;1;8;3;0;0;8;3;5;0;13;2;11;8;3;5;21;5;16;0,1111;0,25;0,375;NA;0,1538;0,375;0,2381
2021-07-31;"NORTE";95;6;0;0;80;41;0;0;89;0;39;0;95;6;89;80;41;39;175;47;128;0,0632;NA;0,5125;NA;0,0632;0,5125;0,2686
2021-07-31;"OESTE";92;23;0;0;70;38;0;0;69;0;32;0;92;23;69;70;38;32;162;61;101;0,25;NA;0,5429;NA;0,25;0,5429;0,3765
2021-07-31;"SUDOESTE";116;38;0;0;120;94;0;0;78;0;26;0;116;38;78;120;94;26;236;132;104;0,3276;NA;0,7833;NA;0,3276;0,7833;0,5593
2021-07-31;"SUL";236;56;10;7;176;103;3;3;180;3;73;0;246;63;183;179;106;73;425;169;256;0,2373;0,7;0,5852;1;0,2561;0,5922;0,3976
2021-08-01;"CENTRO-LESTE";143;46;16;2;123;68;5;3;97;14;55;2;159;48;111;128;71;57;287;119;168;0,3217;0,125;0,5528;0,6;0,3019;0,5547;0,4146
2021-08-01;"CENTRO-NORTE";30;12;0;0;30;12;0;0;18;0;18;0;30;12;18;30;12;18;60;24;36;0,4;NA;0,4;NA;0,4;0,4;0,4
2021-08-01;"EXTREMO-SUL";30;11;0;0;55;37;0;0;19;0;18;0;30;11;19;55;37;18;85;48;37;0,3667;NA;0,6727;NA;0,3667;0,6727;0,5647
2021-08-01;"LESTE";821;263;37;26;726;333;27;20;558;11;393;7;858;289;569;753;353;400;1611;642;969;0,3203;0,7027;0,4587;0,7407;0,3368;0,4688;0,3985
2021-08-01;"NORDESTE";9;1;4;1;8;3;0;0;8;3;5;0;13;2;11;8;3;5;21;5;16;0,1111;0,25;0,375;NA;0,1538;0,375;0,2381
2021-08-01;"NORTE";95;6;0;0;80;41;0;0;89;0;39;0;95;6;89;80;41;39;175;47;128;0,0632;NA;0,5125;NA;0,0632;0,5125;0,2686
2021-08-01;"OESTE";92;25;0;0;70;38;0;0;67;0;32;0;92;25;67;70;38;32;162;63;99;0,2717;NA;0,5429;NA;0,2717;0,5429;0,3889
2021-08-01;"SUDOESTE";116;50;0;0;120;88;0;0;66;0;32;0;116;50;66;120;88;32;236;138;98;0,431;NA;0,7333;NA;0,431;0,7333;0,5847
2021-08-01;"SUL";236;60;10;5;176;104;3;2;176;5;72;1;246;65;181;179;106;73;425;171;254;0,2542;0,5;0,5909;0,6667;0,2642;0,5922;0,4024
2021-08-02;"CENTRO-LESTE";143;41;16;9;123;67;5;2;102;7;56;3;159;50;109;128;69;59;287;119;168;0,2867;0,5625;0,5447;0,4;0,3145;0,5391;0,4146
2021-08-02;"CENTRO-NORTE";30;8;0;0;30;14;0;0;22;0;16;0;30;8;22;30;14;16;60;22;38;0,2667;NA;0,4667;NA;0,2667;0,4667;0,3667
2021-08-02;"EXTREMO-SUL";30;14;0;0;55;37;0;0;16;0;18;0;30;14;16;55;37;18;85;51;34;0,4667;NA;0,6727;NA;0,4667;0,6727;0,6
2021-08-02;"LESTE";821;258;37;25;726;322;27;20;563;12;404;7;858;283;575;753;342;411;1611;625;986;0,3143;0,6757;0,4435;0,7407;0,3298;0,4542;0,388
2021-08-02;"NORDESTE";9;2;4;2;8;1;0;0;7;2;7;0;13;4;9;8;1;7;21;5;16;0,2222;0,5;0,125;NA;0,3077;0,125;0,2381
2021-08-02;"NORTE";95;7;0;0;80;41;0;0;88;0;39;0;95;7;88;80;41;39;175;48;127;0,0737;NA;0,5125;NA;0,0737;0,5125;0,2743
2021-08-02;"OESTE";92;24;0;0;70;40;0;0;68;0;30;0;92;24;68;70;40;30;162;64;98;0,2609;NA;0,5714;NA;0,2609;0,5714;0,3951
2021-08-02;"SUDOESTE";116;47;0;0;120;89;0;0;69;0;31;0;116;47;69;120;89;31;236;136;100;0,4052;NA;0,7417;NA;0,4052;0,7417;0,5763
2021-08-02;"SUL";236;68;10;5;176;99;3;2;168;5;77;1;246;73;173;179;101;78;425;174;251;0,2881;0,5;0,5625;0,6667;0,2967;0,5642;0,4094
2021-08-03;"CENTRO-LESTE";143;42;16;10;123;68;5;1;101;6;55;4;159;52;107;128;69;59;287;121;166;0,2937;0,625;0,5528;0,2;0,327;0,5391;0,4216
2021-08-03;"CENTRO-NORTE";30;6;0;0;30;14;0;0;24;0;16;0;30;6;24;30;14;16;60;20;40;0,2;NA;0,4667;NA;0,2;0,4667;0,3333
2021-08-03;"EXTREMO-SUL";30;8;0;0;55;36;0;0;22;0;19;0;30;8;22;55;36;19;85;44;41;0,2667;NA;0,6545;NA;0,2667;0,6545;0,5176
2021-08-03;"LESTE";821;252;37;31;726;321;27;18;569;6;405;9;858;283;575;753;339;414;1611;622;989;0,3069;0,8378;0,4421;0,6667;0,3298;0,4502;0,3861
2021-08-03;"NORDESTE";9;1;4;2;8;1;0;0;8;2;7;0;13;3;10;8;1;7;21;4;17;0,1111;0,5;0,125;NA;0,2308;0,125;0,1905
2021-08-03;"NORTE";95;4;0;0;80;28;0;0;91;0;52;0;95;4;91;80;28;52;175;32;143;0,0421;NA;0,35;NA;0,0421;0,35;0,1829
2021-08-03;"OESTE";92;24;0;0;70;41;0;0;68;0;29;0;92;24;68;70;41;29;162;65;97;0,2609;NA;0,5857;NA;0,2609;0,5857;0,4012
2021-08-03;"SUDOESTE";116;54;0;0;120;88;0;0;62;0;32;0;116;54;62;120;88;32;236;142;94;0,4655;NA;0,7333;NA;0,4655;0,7333;0,6017
2021-08-03;"SUL";236;62;10;1;176;91;3;3;174;9;85;0;246;63;183;179;94;85;425;157;268;0,2627;0,1;0,517;1;0,2561;0,5251;0,3694
2021-08-04;"CENTRO-LESTE";143;46;16;10;123;72;5;1;97;6;51;4;159;56;103;128;73;55;287;129;158;0,3217;0,625;0,5854;0,2;0,3522;0,5703;0,4495
2021-08-04;"CENTRO-NORTE";30;6;0;0;30;13;0;0;24;0;17;0;30;6;24;30;13;17;60;19;41;0,2;NA;0,4333;NA;0,2;0,4333;0,3167
2021-08-04;"EXTREMO-SUL";30;5;0;0;55;34;0;0;25;0;21;0;30;5;25;55;34;21;85;39;46;0,1667;NA;0,6182;NA;0,1667;0,6182;0,4588
2021-08-04;"LESTE";759;163;37;27;686;297;27;18;596;10;389;9;796;190;606;713;315;398;1509;505;1004;0,2148;0,7297;0,4329;0,6667;0,2387;0,4418;0,3347
2021-08-04;"NORDESTE";9;1;4;2;8;1;0;0;8;2;7;0;13;3;10;8;1;7;21;4;17;0,1111;0,5;0,125;NA;0,2308;0,125;0,1905
2021-08-04;"NORTE";95;8;0;0;80;27;0;0;87;0;53;0;95;8;87;80;27;53;175;35;140;0,0842;NA;0,3375;NA;0,0842;0,3375;0,2
2021-08-04;"OESTE";92;21;0;0;70;44;0;0;71;0;26;0;92;21;71;70;44;26;162;65;97;0,2283;NA;0,6286;NA;0,2283;0,6286;0,4012
2021-08-04;"SUDOESTE";96;53;0;0;120;88;0;0;43;0;32;0;96;53;43;120;88;32;216;141;75;0,5521;NA;0,7333;NA;0,5521;0,7333;0,6528
2021-08-04;"SUL";236;58;10;0;176;94;3;1;178;10;82;2;246;58;188;179;95;84;425;153;272;0,2458;0;0,5341;0,3333;0,2358;0,5307;0,36
2021-08-05;"CENTRO-LESTE";143;43;16;13;123;74;5;1;100;3;49;4;159;56;103;128;75;53;287;131;156;0,3007;0,8125;0,6016;0,2;0,3522;0,5859;0,4564
2021-08-05;"CENTRO-NORTE";30;6;0;0;30;13;0;0;24;0;17;0;30;6;24;30;13;17;60;19;41;0,2;NA;0,4333;NA;0,2;0,4333;0,3167
2021-08-05;"EXTREMO-SUL";30;4;0;0;55;32;0;0;26;0;23;0;30;4;26;55;32;23;85;36;49;0,1333;NA;0,5818;NA;0,1333;0,5818;0,4235
2021-08-05;"LESTE";759;168;37;25;686;291;27;17;591;12;395;10;796;193;603;713;308;405;1509;501;1008;0,2213;0,6757;0,4242;0,6296;0,2425;0,432;0,332
2021-08-05;"NORDESTE";9;1;4;1;8;2;0;0;8;3;6;0;13;2;11;8;2;6;21;4;17;0,1111;0,25;0,25;NA;0,1538;0,25;0,1905
2021-08-05;"NORTE";95;5;0;0;80;24;0;0;90;0;56;0;95;5;90;80;24;56;175;29;146;0,0526;NA;0,3;NA;0,0526;0,3;0,1657
2021-08-05;"OESTE";92;18;0;0;70;43;0;0;74;0;27;0;92;18;74;70;43;27;162;61;101;0,1957;NA;0,6143;NA;0,1957;0,6143;0,3765
2021-08-05;"SUDOESTE";96;42;0;0;120;79;0;0;54;0;41;0;96;42;54;120;79;41;216;121;95;0,4375;NA;0,6583;NA;0,4375;0,6583;0,5602
2021-08-05;"SUL";236;55;10;0;176;85;3;0;181;10;91;3;246;55;191;179;85;94;425;140;285;0,2331;0;0,483;0;0,2236;0,4749;0,3294
2021-08-06;"CENTRO-LESTE";143;46;16;3;123;75;5;1;97;13;48;4;159;49;110;128;76;52;287;125;162;0,3217;0,1875;0,6098;0,2;0,3082;0,5938;0,4355
2021-08-06;"CENTRO-NORTE";30;8;0;0;30;13;0;0;22;0;17;0;30;8;22;30;13;17;60;21;39;0,2667;NA;0,4333;NA;0,2667;0,4333;0,35
2021-08-06;"EXTREMO-SUL";30;2;0;0;55;26;0;0;28;0;29;0;30;2;28;55;26;29;85;28;57;0,0667;NA;0,4727;NA;0,0667;0,4727;0,3294
2021-08-06;"LESTE";739;163;37;28;676;295;27;18;576;9;381;9;776;191;585;703;313;390;1479;504;975;0,2206;0,7568;0,4364;0,6667;0,2461;0,4452;0,3408
2021-08-06;"NORDESTE";9;0;4;1;8;2;0;0;9;3;6;0;13;1;12;8;2;6;21;3;18;0;0,25;0,25;NA;0,0769;0,25;0,1429
2021-08-06;"NORTE";95;5;0;0;80;24;0;0;90;0;56;0;95;5;90;80;24;56;175;29;146;0,0526;NA;0,3;NA;0,0526;0,3;0,1657
2021-08-06;"OESTE";92;18;0;0;70;40;0;0;74;0;30;0;92;18;74;70;40;30;162;58;104;0,1957;NA;0,5714;NA;0,1957;0,5714;0,358
2021-08-06;"SUDOESTE";96;38;0;0;120;73;0;0;58;0;47;0;96;38;58;120;73;47;216;111;105;0,3958;NA;0,6083;NA;0,3958;0,6083;0,5139
2021-08-06;"SUL";236;53;10;4;176;88;3;0;183;6;88;3;246;57;189;179;88;91;425;145;280;0,2246;0,4;0,5;0;0,2317;0,4916;0,3412
2021-08-07;"CENTRO-LESTE";143;40;16;4;123;77;5;1;103;12;46;4;159;44;115;128;78;50;287;122;165;0,2797;0,25;0,626;0,2;0,2767;0,6094;0,4251
2021-08-07;"CENTRO-NORTE";30;7;0;0;30;12;0;0;23;0;18;0;30;7;23;30;12;18;60;19;41;0,2333;NA;0,4;NA;0,2333;0,4;0,3167
2021-08-07;"EXTREMO-SUL";30;2;0;0;55;25;0;0;28;0;30;0;30;2;28;55;25;30;85;27;58;0,0667;NA;0,4545;NA;0,0667;0,4545;0,3176
2021-08-07;"LESTE";739;156;37;26;676;291;27;16;583;11;385;11;776;182;594;703;307;396;1479;489;990;0,2111;0,7027;0,4305;0,5926;0,2345;0,4367;0,3306
2021-08-07;"NORDESTE";9;0;4;1;8;2;0;0;9;3;6;0;13;1;12;8;2;6;21;3;18;0;0,25;0,25;NA;0,0769;0,25;0,1429
2021-08-07;"NORTE";95;5;0;0;80;24;0;0;90;0;56;0;95;5;90;80;24;56;175;29;146;0,0526;NA;0,3;NA;0,0526;0,3;0,1657
2021-08-07;"OESTE";92;19;0;0;70;45;0;0;73;0;25;0;92;19;73;70;45;25;162;64;98;0,2065;NA;0,6429;NA;0,2065;0,6429;0,3951
2021-08-07;"SUDOESTE";96;32;0;0;120;76;0;0;64;0;44;0;96;32;64;120;76;44;216;108;108;0,3333;NA;0,6333;NA;0,3333;0,6333;0,5
2021-08-07;"SUL";236;57;10;4;176;85;3;0;179;6;91;3;246;61;185;179;85;94;425;146;279;0,2415;0,4;0,483;0;0,248;0,4749;0,3435
2021-08-08;"CENTRO-LESTE";143;49;16;4;123;75;5;1;94;12;48;4;159;53;106;128;76;52;287;129;158;0,3427;0,25;0,6098;0,2;0,3333;0,5938;0,4495
2021-08-08;"CENTRO-NORTE";30;9;0;0;30;9;0;0;21;0;21;0;30;9;21;30;9;21;60;18;42;0,3;NA;0,3;NA;0,3;0,3;0,3
2021-08-08;"EXTREMO-SUL";30;2;0;0;55;25;0;0;28;0;30;0;30;2;28;55;25;30;85;27;58;0,0667;NA;0,4545;NA;0,0667;0,4545;0,3176
2021-08-08;"LESTE";739;156;37;26;676;288;27;16;583;11;388;11;776;182;594;703;304;399;1479;486;993;0,2111;0,7027;0,426;0,5926;0,2345;0,4324;0,3286
2021-08-08;"NORDESTE";9;0;4;1;8;2;0;0;9;3;6;0;13;1;12;8;2;6;21;3;18;0;0,25;0,25;NA;0,0769;0,25;0,1429
2021-08-08;"NORTE";95;5;0;0;80;23;0;0;90;0;57;0;95;5;90;80;23;57;175;28;147;0,0526;NA;0,2875;NA;0,0526;0,2875;0,16
2021-08-08;"OESTE";92;18;0;0;70;44;0;0;74;0;26;0;92;18;74;70;44;26;162;62;100;0,1957;NA;0,6286;NA;0,1957;0,6286;0,3827
2021-08-08;"SUDOESTE";96;26;0;0;120;72;0;0;70;0;48;0;96;26;70;120;72;48;216;98;118;0,2708;NA;0,6;NA;0,2708;0,6;0,4537
2021-08-08;"SUL";236;56;10;4;176;81;3;0;180;6;95;3;246;60;186;179;81;98;425;141;284;0,2373;0,4;0,4602;0;0,2439;0,4525;0,3318
2021-08-09;"CENTRO-LESTE";143;41;16;4;123;70;5;1;102;12;53;4;159;45;114;128;71;57;287;116;171;0,2867;0,25;0,5691;0,2;0,283;0,5547;0,4042
2021-08-09;"CENTRO-NORTE";30;9;0;0;30;7;0;0;21;0;23;0;30;9;21;30;7;23;60;16;44;0,3;NA;0,2333;NA;0,3;0,2333;0,2667
2021-08-09;"EXTREMO-SUL";30;3;0;0;55;31;0;0;27;0;24;0;30;3;27;55;31;24;85;34;51;0,1;NA;0,5636;NA;0,1;0,5636;0,4
2021-08-09;"LESTE";739;160;37;29;676;270;27;18;579;8;406;9;776;189;587;703;288;415;1479;477;1002;0,2165;0,7838;0,3994;0,6667;0,2436;0,4097;0,3225
2021-08-09;"NORDESTE";9;0;4;1;8;4;0;0;9;3;4;0;13;1;12;8;4;4;21;5;16;0;0,25;0,5;NA;0,0769;0,5;0,2381
2021-08-09;"NORTE";95;8;0;0;80;16;0;0;87;0;64;0;95;8;87;80;16;64;175;24;151;0,0842;NA;0,2;NA;0,0842;0,2;0,1371
2021-08-09;"OESTE";92;18;0;0;70;36;0;0;74;0;34;0;92;18;74;70;36;34;162;54;108;0,1957;NA;0,5143;NA;0,1957;0,5143;0,3333
2021-08-09;"SUDOESTE";96;33;0;0;120;66;0;0;63;0;54;0;96;33;63;120;66;54;216;99;117;0,3438;NA;0,55;NA;0,3438;0,55;0,4583
2021-08-09;"SUL";236;48;10;4;176;78;3;1;188;6;98;2;246;52;194;179;79;100;425;131;294;0,2034;0,4;0,4432;0,3333;0,2114;0,4413;0,3082
2021-08-10;"CENTRO-LESTE";143;41;16;5;123;74;5;2;102;11;49;3;159;46;113;128;76;52;287;122;165;0,2867;0,3125;0,6016;0,4;0,2893;0,5938;0,4251
2021-08-10;"CENTRO-NORTE";30;10;0;0;30;9;0;0;20;0;21;0;30;10;20;30;9;21;60;19;41;0,3333;NA;0,3;NA;0,3333;0,3;0,3167
2021-08-10;"EXTREMO-SUL";30;2;0;0;55;33;0;0;28;0;22;0;30;2;28;55;33;22;85;35;50;0,0667;NA;0,6;NA;0,0667;0,6;0,4118
2021-08-10;"LESTE";739;161;37;30;676;265;27;16;578;7;411;11;776;191;585;703;281;422;1479;472;1007;0,2179;0,8108;0,392;0,5926;0,2461;0,3997;0,3191
2021-08-10;"NORDESTE";9;0;4;1;8;3;0;0;9;3;5;0;13;1;12;8;3;5;21;4;17;0;0,25;0,375;NA;0,0769;0,375;0,1905
2021-08-10;"NORTE";95;11;0;0;80;14;0;0;84;0;66;0;95;11;84;80;14;66;175;25;150;0,1158;NA;0,175;NA;0,1158;0,175;0,1429
2021-08-10;"OESTE";92;19;0;0;70;34;0;0;73;0;36;0;92;19;73;70;34;36;162;53;109;0,2065;NA;0,4857;NA;0,2065;0,4857;0,3272
2021-08-10;"SUDOESTE";96;39;0;0;120;69;0;0;57;0;51;0;96;39;57;120;69;51;216;108;108;0,4062;NA;0,575;NA;0,4062;0,575;0,5
2021-08-10;"SUL";236;45;10;3;176;71;3;1;191;7;105;2;246;48;198;179;72;107;425;120;305;0,1907;0,3;0,4034;0,3333;0,1951;0,4022;0,2824
2021-08-11;"CENTRO-LESTE";128;42;16;10;115;67;5;3;86;6;48;2;144;52;92;120;70;50;264;122;142;0,3281;0,625;0,5826;0,6;0,3611;0,5833;0,4621
2021-08-11;"CENTRO-NORTE";30;8;0;0;30;12;0;0;22;0;18;0;30;8;22;30;12;18;60;20;40;0,2667;NA;0,4;NA;0,2667;0,4;0,3333
2021-08-11;"EXTREMO-SUL";30;5;0;0;45;29;0;0;25;0;16;0;30;5;25;45;29;16;75;34;41;0,1667;NA;0,6444;NA;0,1667;0,6444;0,4533
2021-08-11;"LESTE";623;155;37;27;646;242;27;19;468;10;404;8;660;182;478;673;261;412;1333;443;890;0,2488;0,7297;0,3746;0,7037;0,2758;0,3878;0,3323
2021-08-11;"NORDESTE";9;0;4;2;8;4;0;0;9;2;4;0;13;2;11;8;4;4;21;6;15;0;0,5;0,5;NA;0,1538;0,5;0,2857
2021-08-11;"NORTE";70;4;0;0;70;14;0;0;66;0;56;0;70;4;66;70;14;56;140;18;122;0,0571;NA;0,2;NA;0,0571;0,2;0,1286
2021-08-11;"OESTE";92;21;0;0;70;33;0;0;71;0;37;0;92;21;71;70;33;37;162;54;108;0,2283;NA;0,4714;NA;0,2283;0,4714;0,3333
2021-08-11;"SUDOESTE";96;36;0;0;120;72;0;0;60;0;48;0;96;36;60;120;72;48;216;108;108;0,375;NA;0,6;NA;0,375;0,6;0,5
2021-08-11;"SUL";236;46;10;2;176;73;3;3;190;8;103;0;246;48;198;179;76;103;425;124;301;0,1949;0,2;0,4148;1;0,1951;0,4246;0,2918
2021-08-12;"CENTRO-LESTE";128;44;16;13;115;63;5;3;84;3;52;2;144;57;87;120;66;54;264;123;141;0,3438;0,8125;0,5478;0,6;0,3958;0,55;0,4659
2021-08-12;"CENTRO-NORTE";30;10;0;0;30;10;0;0;20;0;20;0;30;10;20;30;10;20;60;20;40;0,3333;NA;0,3333;NA;0,3333;0,3333;0,3333
2021-08-12;"EXTREMO-SUL";30;4;0;0;45;32;0;0;26;0;13;0;30;4;26;45;32;13;75;36;39;0,1333;NA;0,7111;NA;0,1333;0,7111;0,48
2021-08-12;"LESTE";623;137;37;27;646;242;27;17;486;10;404;10;660;164;496;673;259;414;1333;423;910;0,2199;0,7297;0,3746;0,6296;0,2485;0,3848;0,3173
2021-08-12;"NORDESTE";9;0;4;2;8;4;0;0;9;2;4;0;13;2;11;8;4;4;21;6;15;0;0,5;0,5;NA;0,1538;0,5;0,2857
2021-08-12;"NORTE";70;5;0;0;70;11;0;0;65;0;59;0;70;5;65;70;11;59;140;16;124;0,0714;NA;0,1571;NA;0,0714;0,1571;0,1143
2021-08-12;"OESTE";92;23;0;0;70;31;0;0;69;0;39;0;92;23;69;70;31;39;162;54;108;0,25;NA;0,4429;NA;0,25;0,4429;0,3333
2021-08-12;"SUDOESTE";96;39;0;0;120;65;0;0;57;0;55;0;96;39;57;120;65;55;216;104;112;0,4062;NA;0,5417;NA;0,4062;0,5417;0,4815
2021-08-12;"SUL";236;35;10;4;176;77;3;3;201;6;99;0;246;39;207;179;80;99;425;119;306;0,1483;0,4;0,4375;1;0,1585;0,4469;0,28
2021-08-13;"CENTRO-LESTE";128;41;16;9;115;58;5;3;87;7;57;2;144;50;94;120;61;59;264;111;153;0,3203;0,5625;0,5043;0,6;0,3472;0,5083;0,4205
2021-08-13;"CENTRO-NORTE";30;10;0;0;30;10;0;0;20;0;20;0;30;10;20;30;10;20;60;20;40;0,3333;NA;0,3333;NA;0,3333;0,3333;0,3333
2021-08-13;"EXTREMO-SUL";30;4;0;0;45;32;0;0;26;0;13;0;30;4;26;45;32;13;75;36;39;0,1333;NA;0,7111;NA;0,1333;0,7111;0,48
2021-08-13;"LESTE";623;147;37;25;646;238;27;17;476;12;408;10;660;172;488;673;255;418;1333;427;906;0,236;0,6757;0,3684;0,6296;0,2606;0,3789;0,3203
2021-08-13;"NORDESTE";9;0;4;0;8;3;0;0;9;4;5;0;13;0;13;8;3;5;21;3;18;0;0;0,375;NA;0;0,375;0,1429
2021-08-13;"NORTE";70;4;0;0;60;21;0;0;66;0;39;0;70;4;66;60;21;39;130;25;105;0,0571;NA;0,35;NA;0,0571;0,35;0,1923
2021-08-13;"OESTE";92;19;0;0;70;30;0;0;73;0;40;0;92;19;73;70;30;40;162;49;113;0,2065;NA;0,4286;NA;0,2065;0,4286;0,3025
2021-08-13;"SUDOESTE";96;39;0;0;110;61;0;0;57;0;49;0;96;39;57;110;61;49;206;100;106;0,4062;NA;0,5545;NA;0,4062;0,5545;0,4854
2021-08-13;"SUL";236;35;10;6;176;79;3;0;201;4;97;3;246;41;205;179;79;100;425;120;305;0,1483;0,6;0,4489;0;0,1667;0,4413;0,2824
2021-08-14;"CENTRO-LESTE";128;40;16;4;115;57;5;2;88;12;58;3;144;44;100;120;59;61;264;103;161;0,3125;0,25;0,4957;0,4;0,3056;0,4917;0,3902
2021-08-14;"CENTRO-NORTE";30;11;0;0;30;10;0;0;19;0;20;0;30;11;19;30;10;20;60;21;39;0,3667;NA;0,3333;NA;0,3667;0,3333;0,35
2021-08-14;"EXTREMO-SUL";30;2;0;0;45;29;0;0;28;0;16;0;30;2;28;45;29;16;75;31;44;0,0667;NA;0,6444;NA;0,0667;0,6444;0,4133
2021-08-14;"LESTE";623;141;37;25;646;234;27;19;482;12;412;8;660;166;494;673;253;420;1333;419;914;0,2263;0,6757;0,3622;0,7037;0,2515;0,3759;0,3143
2021-08-14;"NORDESTE";9;0;4;0;8;3;0;0;9;4;5;0;13;0;13;8;3;5;21;3;18;0;0;0,375;NA;0;0,375;0,1429
2021-08-14;"NORTE";70;7;0;0;60;19;0;0;63;0;41;0;70;7;63;60;19;41;130;26;104;0,1;NA;0,3167;NA;0,1;0,3167;0,2
2021-08-14;"OESTE";92;16;0;0;70;33;0;0;76;0;37;0;92;16;76;70;33;37;162;49;113;0,1739;NA;0,4714;NA;0,1739;0,4714;0,3025
2021-08-14;"SUDOESTE";96;39;0;0;110;56;0;0;57;0;54;0;96;39;57;110;56;54;206;95;111;0,4062;NA;0,5091;NA;0,4062;0,5091;0,4612
2021-08-14;"SUL";236;39;10;2;176;80;3;2;197;8;96;1;246;41;205;179;82;97;425;123;302;0,1653;0,2;0,4545;0,6667;0,1667;0,4581;0,2894
2021-08-15;"CENTRO-LESTE";128;38;16;4;115;59;5;2;90;12;56;3;144;42;102;120;61;59;264;103;161;0,2969;0,25;0,513;0,4;0,2917;0,5083;0,3902
2021-08-15;"CENTRO-NORTE";30;9;0;0;30;11;0;0;21;0;19;0;30;9;21;30;11;19;60;20;40;0,3;NA;0,3667;NA;0,3;0,3667;0,3333
2021-08-15;"EXTREMO-SUL";30;1;0;0;45;27;0;0;29;0;18;0;30;1;29;45;27;18;75;28;47;0,0333;NA;0,6;NA;0,0333;0,6;0,3733
2021-08-15;"LESTE";623;122;37;26;646;245;27;18;501;11;401;9;660;148;512;673;263;410;1333;411;922;0,1958;0,7027;0,3793;0,6667;0,2242;0,3908;0,3083
2021-08-15;"NORDESTE";9;0;4;0;8;3;0;0;9;4;5;0;13;0;13;8;3;5;21;3;18;0;0;0,375;NA;0;0,375;0,1429
2021-08-15;"NORTE";70;7;0;0;60;17;0;0;63;0;43;0;70;7;63;60;17;43;130;24;106;0,1;NA;0,2833;NA;0,1;0,2833;0,1846
2021-08-15;"OESTE";92;18;0;0;70;33;0;0;74;0;37;0;92;18;74;70;33;37;162;51;111;0,1957;NA;0,4714;NA;0,1957;0,4714;0,3148
2021-08-15;"SUDOESTE";96;34;0;0;110;52;0;0;62;0;58;0;96;34;62;110;52;58;206;86;120;0,3542;NA;0,4727;NA;0,3542;0,4727;0,4175
2021-08-15;"SUL";236;46;10;1;176;81;3;3;190;9;95;0;246;47;199;179;84;95;425;131;294;0,1949;0,1;0,4602;1;0,1911;0,4693;0,3082
2021-08-16;"CENTRO-LESTE";128;36;16;6;115;61;5;3;92;10;54;2;144;42;102;120;64;56;264;106;158;0,2812;0,375;0,5304;0,6;0,2917;0,5333;0,4015
2021-08-16;"CENTRO-NORTE";30;9;0;0;30;7;0;0;21;0;23;0;30;9;21;30;7;23;60;16;44;0,3;NA;0,2333;NA;0,3;0,2333;0,2667
2021-08-16;"EXTREMO-SUL";30;0;0;0;45;27;0;0;30;0;18;0;30;0;30;45;27;18;75;27;48;0;NA;0,6;NA;0;0,6;0,36
2021-08-16;"LESTE";623;152;37;28;646;236;27;16;471;9;410;11;660;180;480;673;252;421;1333;432;901;0,244;0,7568;0,3653;0,5926;0,2727;0,3744;0,3241
2021-08-16;"NORDESTE";9;0;4;0;8;5;0;0;9;4;3;0;13;0;13;8;5;3;21;5;16;0;0;0,625;NA;0;0,625;0,2381
2021-08-16;"NORTE";70;7;0;0;60;18;0;0;63;0;42;0;70;7;63;60;18;42;130;25;105;0,1;NA;0,3;NA;0,1;0,3;0,1923
2021-08-16;"OESTE";92;19;0;0;70;31;0;0;73;0;39;0;92;19;73;70;31;39;162;50;112;0,2065;NA;0,4429;NA;0,2065;0,4429;0,3086
2021-08-16;"SUDOESTE";96;38;0;0;110;49;0;0;58;0;61;0;96;38;58;110;49;61;206;87;119;0,3958;NA;0,4455;NA;0,3958;0,4455;0,4223
2021-08-16;"SUL";236;46;10;1;176;72;3;3;190;9;104;0;246;47;199;179;75;104;425;122;303;0,1949;0,1;0,4091;1;0,1911;0,419;0,2871
2021-08-17;"CENTRO-LESTE";128;31;16;4;115;59;5;3;97;12;56;2;144;35;109;120;62;58;264;97;167;0,2422;0,25;0,513;0,6;0,2431;0,5167;0,3674
2021-08-17;"CENTRO-NORTE";30;8;0;0;30;7;0;0;22;0;23;0;30;8;22;30;7;23;60;15;45;0,2667;NA;0,2333;NA;0,2667;0,2333;0,25
2021-08-17;"EXTREMO-SUL";30;0;0;0;45;27;0;0;30;0;18;0;30;0;30;45;27;18;75;27;48;0;NA;0,6;NA;0;0,6;0,36
2021-08-17;"LESTE";623;130;37;30;646;220;27;16;493;7;426;11;660;160;500;673;236;437;1333;396;937;0,2087;0,8108;0,3406;0,5926;0,2424;0,3507;0,2971
2021-08-17;"NORDESTE";9;0;4;0;8;5;0;0;9;4;3;0;13;0;13;8;5;3;21;5;16;0;0;0,625;NA;0;0,625;0,2381
2021-08-17;"NORTE";70;7;0;0;60;16;0;0;63;0;44;0;70;7;63;60;16;44;130;23;107;0,1;NA;0,2667;NA;0,1;0,2667;0,1769
2021-08-17;"OESTE";92;20;0;0;70;32;0;0;72;0;38;0;92;20;72;70;32;38;162;52;110;0,2174;NA;0,4571;NA;0,2174;0,4571;0,321
2021-08-17;"SUDOESTE";96;34;0;0;110;52;0;0;62;0;58;0;96;34;62;110;52;58;206;86;120;0,3542;NA;0,4727;NA;0,3542;0,4727;0,4175
2021-08-17;"SUL";236;37;10;1;176;64;3;3;199;9;112;0;246;38;208;179;67;112;425;105;320;0,1568;0,1;0,3636;1;0,1545;0,3743;0,2471
2021-08-18;"CENTRO-LESTE";128;37;16;7;115;54;5;2;91;9;61;3;144;44;100;120;56;64;264;100;164;0,2891;0,4375;0,4696;0,4;0,3056;0,4667;0,3788
2021-08-18;"CENTRO-NORTE";30;8;0;0;30;9;0;0;22;0;21;0;30;8;22;30;9;21;60;17;43;0,2667;NA;0,3;NA;0,2667;0,3;0,2833
2021-08-18;"EXTREMO-SUL";30;3;0;0;45;23;0;0;27;0;22;0;30;3;27;45;23;22;75;26;49;0,1;NA;0,5111;NA;0,1;0,5111;0,3467
2021-08-18;"LESTE";623;131;37;25;646;213;27;14;492;12;433;13;660;156;504;673;227;446;1333;383;950;0,2103;0,6757;0,3297;0,5185;0,2364;0,3373;0,2873
2021-08-18;"NORDESTE";9;0;4;0;8;4;0;0;9;4;4;0;13;0;13;8;4;4;21;4;17;0;0;0,5;NA;0;0,5;0,1905
2021-08-18;"NORTE";70;7;0;0;60;19;0;0;63;0;41;0;70;7;63;60;19;41;130;26;104;0,1;NA;0,3167;NA;0,1;0,3167;0,2
2021-08-18;"OESTE";92;23;0;0;70;29;0;0;69;0;41;0;92;23;69;70;29;41;162;52;110;0,25;NA;0,4143;NA;0,25;0,4143;0,321
2021-08-18;"SUDOESTE";96;26;0;0;110;52;0;0;70;0;58;0;96;26;70;110;52;58;206;78;128;0,2708;NA;0,4727;NA;0,2708;0,4727;0,3786
2021-08-18;"SUL";236;33;10;0;176;62;3;2;203;10;114;1;246;33;213;179;64;115;425;97;328;0,1398;0;0,3523;0,6667;0,1341;0,3575;0,2282
2021-08-19;"CENTRO-LESTE";128;41;16;6;105;57;5;5;87;10;48;0;144;47;97;110;62;48;254;109;145;0,3203;0,375;0,5429;1;0,3264;0,5636;0,4291
2021-08-19;"CENTRO-NORTE";30;5;0;0;30;10;0;0;25;0;20;0;30;5;25;30;10;20;60;15;45;0,1667;NA;0,3333;NA;0,1667;0,3333;0,25
2021-08-19;"EXTREMO-SUL";30;5;0;0;45;20;0;0;25;0;25;0;30;5;25;45;20;25;75;25;50;0,1667;NA;0,4444;NA;0,1667;0,4444;0,3333
2021-08-19;"LESTE";586;133;37;26;591;205;27;19;453;11;386;8;623;159;464;618;224;394;1241;383;858;0,227;0,7027;0,3469;0,7037;0,2552;0,3625;0,3086
2021-08-19;"NORDESTE";9;0;4;2;8;5;0;0;9;2;3;0;13;2;11;8;5;3;21;7;14;0;0,5;0,625;NA;0,1538;0,625;0,3333
2021-08-19;"NORTE";70;10;0;0;60;17;0;0;60;0;43;0;70;10;60;60;17;43;130;27;103;0,1429;NA;0,2833;NA;0,1429;0,2833;0,2077
2021-08-19;"OESTE";92;21;0;0;60;28;0;0;71;0;32;0;92;21;71;60;28;32;152;49;103;0,2283;NA;0,4667;NA;0,2283;0,4667;0,3224
2021-08-19;"SUDOESTE";96;30;0;0;100;48;0;0;66;0;52;0;96;30;66;100;48;52;196;78;118;0,3125;NA;0,48;NA;0,3125;0,48;0,398
2021-08-19;"SUL";236;37;10;3;156;64;3;3;199;7;92;0;246;40;206;159;67;92;405;107;298;0,1568;0,3;0,4103;1;0,1626;0,4214;0,2642
2021-08-20;"CENTRO-LESTE";128;43;16;9;105;51;5;1;85;7;54;4;144;52;92;110;52;58;254;104;150;0,3359;0,5625;0,4857;0,2;0,3611;0,4727;0,4094
2021-08-20;"CENTRO-NORTE";30;5;0;0;30;10;0;0;25;0;20;0;30;5;25;30;10;20;60;15;45;0,1667;NA;0,3333;NA;0,1667;0,3333;0,25
2021-08-20;"EXTREMO-SUL";30;6;0;0;45;20;0;0;24;0;25;0;30;6;24;45;20;25;75;26;49;0,2;NA;0,4444;NA;0,2;0,4444;0,3467
2021-08-20;"LESTE";586;148;37;27;591;200;27;19;438;10;391;8;623;175;448;618;219;399;1241;394;847;0,2526;0,7297;0,3384;0,7037;0,2809;0,3544;0,3175
2021-08-20;"NORDESTE";9;0;4;1;8;6;0;0;9;3;2;0;13;1;12;8;6;2;21;7;14;0;0,25;0,75;NA;0,0769;0,75;0,3333
2021-08-20;"NORTE";70;8;0;0;60;21;0;0;62;0;39;0;70;8;62;60;21;39;130;29;101;0,1143;NA;0,35;NA;0,1143;0,35;0,2231
2021-08-20;"OESTE";92;21;0;0;60;26;0;0;71;0;34;0;92;21;71;60;26;34;152;47;105;0,2283;NA;0,4333;NA;0,2283;0,4333;0,3092
2021-08-20;"SUDOESTE";96;30;0;0;100;47;1;0;66;0;53;1;96;30;66;101;47;54;197;77;120;0,3125;NA;0,47;0;0,3125;0,4653;0,3909
2021-08-20;"SUL";236;32;10;2;156;69;3;3;204;8;87;0;246;34;212;159;72;87;405;106;299;0,1356;0,2;0,4423;1;0,1382;0,4528;0,2617
2021-08-21;"CENTRO-LESTE";128;46;16;10;105;52;5;2;82;6;53;3;144;56;88;110;54;56;254;110;144;0,3594;0,625;0,4952;0,4;0,3889;0,4909;0,4331
2021-08-21;"CENTRO-NORTE";30;10;0;0;30;9;0;0;20;0;21;0;30;10;20;30;9;21;60;19;41;0,3333;NA;0,3;NA;0,3333;0,3;0,3167
2021-08-21;"EXTREMO-SUL";30;5;0;0;45;20;0;0;25;0;25;0;30;5;25;45;20;25;75;25;50;0,1667;NA;0,4444;NA;0,1667;0,4444;0,3333
2021-08-21;"LESTE";586;145;37;26;591;199;27;19;441;11;392;8;623;171;452;618;218;400;1241;389;852;0,2474;0,7027;0,3367;0,7037;0,2745;0,3528;0,3135
2021-08-21;"NORDESTE";9;0;4;1;8;4;0;0;9;3;4;0;13;1;12;8;4;4;21;5;16;0;0,25;0,5;NA;0,0769;0,5;0,2381
2021-08-21;"NORTE";70;7;0;0;60;23;0;0;63;0;37;0;70;7;63;60;23;37;130;30;100;0,1;NA;0,3833;NA;0,1;0,3833;0,2308
2021-08-21;"OESTE";92;19;0;0;60;28;0;0;73;0;32;0;92;19;73;60;28;32;152;47;105;0,2065;NA;0,4667;NA;0,2065;0,4667;0,3092
2021-08-21;"SUDOESTE";96;28;0;0;100;45;1;1;68;0;55;0;96;28;68;101;46;55;197;74;123;0,2917;NA;0,45;1;0,2917;0,4554;0,3756
2021-08-21;"SUL";236;37;10;2;156;67;3;3;199;8;89;0;246;39;207;159;70;89;405;109;296;0,1568;0,2;0,4295;1;0,1585;0,4403;0,2691
2021-08-22;"CENTRO-LESTE";128;44;16;8;105;47;5;2;84;8;58;3;144;52;92;110;49;61;254;101;153;0,3438;0,5;0,4476;0,4;0,3611;0,4455;0,3976
2021-08-22;"CENTRO-NORTE";30;14;0;0;30;9;0;0;16;0;21;0;30;14;16;30;9;21;60;23;37;0,4667;NA;0,3;NA;0,4667;0,3;0,3833
2021-08-22;"EXTREMO-SUL";30;6;0;0;45;19;0;0;24;0;26;0;30;6;24;45;19;26;75;25;50;0,2;NA;0,4222;NA;0,2;0,4222;0,3333
2021-08-22;"LESTE";586;142;37;23;591;197;27;17;444;14;394;10;623;165;458;618;214;404;1241;379;862;0,2423;0,6216;0,3333;0,6296;0,2648;0,3463;0,3054
2021-08-22;"NORDESTE";9;0;4;1;8;4;0;0;9;3;4;0;13;1;12;8;4;4;21;5;16;0;0,25;0,5;NA;0,0769;0,5;0,2381
2021-08-22;"NORTE";70;7;0;0;60;26;0;0;63;0;34;0;70;7;63;60;26;34;130;33;97;0,1;NA;0,4333;NA;0,1;0,4333;0,2538
2021-08-22;"OESTE";92;20;0;0;60;26;0;0;72;0;34;0;92;20;72;60;26;34;152;46;106;0,2174;NA;0,4333;NA;0,2174;0,4333;0,3026
2021-08-22;"SUDOESTE";96;28;0;0;100;44;1;1;68;0;56;0;96;28;68;101;45;56;197;73;124;0,2917;NA;0,44;1;0,2917;0,4455;0,3706
2021-08-22;"SUL";236;37;10;2;156;67;3;2;199;8;89;1;246;39;207;159;69;90;405;108;297;0,1568;0,2;0,4295;0,6667;0,1585;0,434;0,2667
2021-08-23;"CENTRO-LESTE";128;42;16;11;105;46;5;4;86;5;59;1;144;53;91;110;50;60;254;103;151;0,3281;0,6875;0,4381;0,8;0,3681;0,4545;0,4055
2021-08-23;"CENTRO-NORTE";30;14;0;0;30;7;0;0;16;0;23;0;30;14;16;30;7;23;60;21;39;0,4667;NA;0,2333;NA;0,4667;0,2333;0,35
2021-08-23;"EXTREMO-SUL";30;4;0;0;45;22;0;0;26;0;23;0;30;4;26;45;22;23;75;26;49;0,1333;NA;0,4889;NA;0,1333;0,4889;0,3467
2021-08-23;"LESTE";556;133;37;25;533;151;27;19;423;12;382;8;593;158;435;560;170;390;1153;328;825;0,2392;0,6757;0,2833;0,7037;0,2664;0,3036;0,2845
2021-08-23;"NORDESTE";9;0;4;0;8;6;0;0;9;4;2;0;13;0;13;8;6;2;21;6;15;0;0;0,75;NA;0;0,75;0,2857
2021-08-23;"NORTE";70;8;0;0;60;27;0;0;62;0;33;0;70;8;62;60;27;33;130;35;95;0,1143;NA;0,45;NA;0,1143;0,45;0,2692
2021-08-23;"OESTE";92;20;0;0;60;26;0;0;72;0;34;0;92;20;72;60;26;34;152;46;106;0,2174;NA;0,4333;NA;0,2174;0,4333;0,3026
2021-08-23;"SUDOESTE";96;27;0;0;100;48;1;1;69;0;52;0;96;27;69;101;49;52;197;76;121;0,2812;NA;0,48;1;0,2812;0,4851;0,3858
2021-08-23;"SUL";226;31;10;3;156;66;3;1;195;7;90;2;236;34;202;159;67;92;395;101;294;0,1372;0,3;0,4231;0,3333;0,1441;0,4214;0,2557
2021-08-24;"CENTRO-LESTE";128;41;16;6;105;49;5;2;87;10;56;3;144;47;97;110;51;59;254;98;156;0,3203;0,375;0,4667;0,4;0,3264;0,4636;0,3858
2021-08-24;"CENTRO-NORTE";30;16;0;0;30;8;0;0;14;0;22;0;30;16;14;30;8;22;60;24;36;0,5333;NA;0,2667;NA;0,5333;0,2667;0,4
2021-08-24;"EXTREMO-SUL";30;3;0;0;45;24;0;0;27;0;21;0;30;3;27;45;24;21;75;27;48;0,1;NA;0,5333;NA;0,1;0,5333;0,36
2021-08-24;"LESTE";556;126;37;24;533;151;27;18;430;13;382;9;593;150;443;560;169;391;1153;319;834;0,2266;0,6486;0,2833;0,6667;0,253;0,3018;0,2767
2021-08-24;"NORDESTE";9;0;4;0;8;3;0;0;9;4;5;0;13;0;13;8;3;5;21;3;18;0;0;0,375;NA;0;0,375;0,1429
2021-08-24;"NORTE";70;7;0;0;60;27;0;0;63;0;33;0;70;7;63;60;27;33;130;34;96;0,1;NA;0,45;NA;0,1;0,45;0,2615
2021-08-24;"OESTE";92;13;0;0;60;23;0;0;79;0;37;0;92;13;79;60;23;37;152;36;116;0,1413;NA;0,3833;NA;0,1413;0,3833;0,2368
2021-08-24;"SUDOESTE";96;27;0;0;100;48;1;1;69;0;52;0;96;27;69;101;49;52;197;76;121;0,2812;NA;0,48;1;0,2812;0,4851;0,3858
2021-08-24;"SUL";226;34;10;2;156;58;3;2;192;8;98;1;236;36;200;159;60;99;395;96;299;0,1504;0,2;0,3718;0,6667;0,1525;0,3774;0,243
2021-08-25;"CENTRO-LESTE";128;43;16;5;105;51;5;2;85;11;54;3;144;48;96;110;53;57;254;101;153;0,3359;0,3125;0,4857;0,4;0,3333;0,4818;0,3976
2021-08-25;"CENTRO-NORTE";30;15;0;0;30;9;0;0;15;0;21;0;30;15;15;30;9;21;60;24;36;0,5;NA;0,3;NA;0,5;0,3;0,4
2021-08-25;"EXTREMO-SUL";30;2;0;0;50;23;0;0;28;0;27;0;30;2;28;50;23;27;80;25;55;0,0667;NA;0,46;NA;0,0667;0,46;0,3125
2021-08-25;"LESTE";531;117;37;26;501;147;27;19;414;11;354;8;568;143;425;528;166;362;1096;309;787;0,2203;0,7027;0,2934;0,7037;0,2518;0,3144;0,2819
2021-08-25;"NORDESTE";9;0;4;0;8;5;0;0;9;4;3;0;13;0;13;8;5;3;21;5;16;0;0;0,625;NA;0;0,625;0,2381
2021-08-25;"NORTE";70;7;0;0;60;24;0;0;63;0;36;0;70;7;63;60;24;36;130;31;99;0,1;NA;0,4;NA;0,1;0,4;0,2385
2021-08-25;"OESTE";92;16;0;0;60;22;0;0;76;0;38;0;92;16;76;60;22;38;152;38;114;0,1739;NA;0,3667;NA;0,1739;0,3667;0,25
2021-08-25;"SUDOESTE";96;23;0;0;100;52;1;1;73;0;48;0;96;23;73;101;53;48;197;76;121;0,2396;NA;0,52;1;0,2396;0,5248;0,3858
2021-08-25;"SUL";226;32;10;4;156;61;3;2;194;6;95;1;236;36;200;159;63;96;395;99;296;0,1416;0,4;0,391;0,6667;0,1525;0,3962;0,2506
2021-08-26;"CENTRO-LESTE";128;38;16;6;105;52;5;3;90;10;53;2;144;44;100;110;55;55;254;99;155;0,2969;0,375;0,4952;0,6;0,3056;0,5;0,3898
2021-08-26;"CENTRO-NORTE";30;13;0;0;30;10;0;0;17;0;20;0;30;13;17;30;10;20;60;23;37;0,4333;NA;0,3333;NA;0,4333;0,3333;0,3833
2021-08-26;"EXTREMO-SUL";30;4;0;0;50;20;0;0;26;0;30;0;30;4;26;50;20;30;80;24;56;0,1333;NA;0,4;NA;0,1333;0,4;0,3
2021-08-26;"LESTE";531;109;37;27;501;147;27;17;422;10;354;10;568;136;432;528;164;364;1096;300;796;0,2053;0,7297;0,2934;0,6296;0,2394;0,3106;0,2737
2021-08-26;"NORDESTE";9;0;4;0;8;6;0;0;9;4;2;0;13;0;13;8;6;2;21;6;15;0;0;0,75;NA;0;0,75;0,2857
2021-08-26;"NORTE";70;7;0;0;60;24;0;0;63;0;36;0;70;7;63;60;24;36;130;31;99;0,1;NA;0,4;NA;0,1;0,4;0,2385
2021-08-26;"OESTE";92;15;0;0;60;23;0;0;77;0;37;0;92;15;77;60;23;37;152;38;114;0,163;NA;0,3833;NA;0,163;0,3833;0,25
2021-08-26;"SUDOESTE";96;30;0;0;100;42;1;1;66;0;58;0;96;30;66;101;43;58;197;73;124;0,3125;NA;0,42;1;0,3125;0,4257;0,3706
2021-08-26;"SUL";226;33;10;4;156;58;3;2;193;6;98;1;236;37;199;159;60;99;395;97;298;0,146;0,4;0,3718;0,6667;0,1568;0,3774;0,2456
2021-08-27;"CENTRO-LESTE";128;42;16;4;105;51;5;3;86;12;54;2;144;46;98;110;54;56;254;100;154;0,3281;0,25;0,4857;0,6;0,3194;0,4909;0,3937
2021-08-27;"CENTRO-NORTE";30;15;0;0;30;9;0;0;15;0;21;0;30;15;15;30;9;21;60;24;36;0,5;NA;0,3;NA;0,5;0,3;0,4
2021-08-27;"EXTREMO-SUL";30;4;0;0;50;19;0;0;26;0;31;0;30;4;26;50;19;31;80;23;57;0,1333;NA;0,38;NA;0,1333;0,38;0,2875
2021-08-27;"LESTE";531;95;37;30;501;156;27;16;436;7;345;11;568;125;443;528;172;356;1096;297;799;0,1789;0,8108;0,3114;0,5926;0,2201;0,3258;0,271
2021-08-27;"NORDESTE";9;0;4;0;8;3;0;0;9;4;5;0;13;0;13;8;3;5;21;3;18;0;0;0,375;NA;0;0,375;0,1429
2021-08-27;"NORTE";70;3;0;0;60;22;0;0;67;0;38;0;70;3;67;60;22;38;130;25;105;0,0429;NA;0,3667;NA;0,0429;0,3667;0,1923
2021-08-27;"OESTE";92;16;0;0;60;17;0;0;76;0;43;0;92;16;76;60;17;43;152;33;119;0,1739;NA;0,2833;NA;0,1739;0,2833;0,2171
2021-08-27;"SUDOESTE";96;29;0;0;100;45;1;1;67;0;55;0;96;29;67;101;46;55;197;75;122;0,3021;NA;0,45;1;0,3021;0,4554;0,3807
2021-08-27;"SUL";226;23;10;4;156;56;3;3;203;6;100;0;236;27;209;159;59;100;395;86;309;0,1018;0,4;0,359;1;0,1144;0,3711;0,2177
2021-08-28;"CENTRO-LESTE";128;44;16;7;105;48;5;3;84;9;57;2;144;51;93;110;51;59;254;102;152;0,3438;0,4375;0,4571;0,6;0,3542;0,4636;0,4016
2021-08-28;"CENTRO-NORTE";30;13;0;0;30;9;0;0;17;0;21;0;30;13;17;30;9;21;60;22;38;0,4333;NA;0,3;NA;0,4333;0,3;0,3667
2021-08-28;"EXTREMO-SUL";30;0;0;0;50;22;0;0;30;0;28;0;30;0;30;50;22;28;80;22;58;0;NA;0,44;NA;0;0,44;0,275
2021-08-28;"LESTE";531;96;37;17;501;147;27;12;435;20;354;15;568;113;455;528;159;369;1096;272;824;0,1808;0,4595;0,2934;0,4444;0,1989;0,3011;0,2482
2021-08-28;"NORDESTE";9;0;4;0;8;3;0;0;9;4;5;0;13;0;13;8;3;5;21;3;18;0;0;0,375;NA;0;0,375;0,1429
2021-08-28;"NORTE";70;3;0;0;60;21;0;0;67;0;39;0;70;3;67;60;21;39;130;24;106;0,0429;NA;0,35;NA;0,0429;0,35;0,1846
2021-08-28;"OESTE";92;16;0;0;60;18;0;0;76;0;42;0;92;16;76;60;18;42;152;34;118;0,1739;NA;0,3;NA;0,1739;0,3;0,2237
2021-08-28;"SUDOESTE";96;25;0;0;100;43;1;1;71;0;57;0;96;25;71;101;44;57;197;69;128;0,2604;NA;0,43;1;0,2604;0,4356;0,3503
2021-08-28;"SUL";226;22;10;4;156;58;3;3;204;6;98;0;236;26;210;159;61;98;395;87;308;0,0973;0,4;0,3718;1;0,1102;0,3836;0,2203
2021-08-29;"CENTRO-LESTE";128;38;16;7;105;47;5;3;90;9;58;2;144;45;99;110;50;60;254;95;159;0,2969;0,4375;0,4476;0,6;0,3125;0,4545;0,374
2021-08-29;"CENTRO-NORTE";30;11;0;0;30;12;0;0;19;0;18;0;30;11;19;30;12;18;60;23;37;0,3667;NA;0,4;NA;0,3667;0,4;0,3833
2021-08-29;"EXTREMO-SUL";30;0;0;0;50;21;0;0;30;0;29;0;30;0;30;50;21;29;80;21;59;0;NA;0,42;NA;0;0,42;0,2625
2021-08-29;"LESTE";531;95;37;26;501;151;27;18;436;11;350;9;568;121;447;528;169;359;1096;290;806;0,1789;0,7027;0,3014;0,6667;0,213;0,3201;0,2646
2021-08-29;"NORDESTE";9;0;4;0;8;3;0;0;9;4;5;0;13;0;13;8;3;5;21;3;18;0;0;0,375;NA;0;0,375;0,1429
2021-08-29;"NORTE";70;5;0;0;60;20;0;0;65;0;40;0;70;5;65;60;20;40;130;25;105;0,0714;NA;0,3333;NA;0,0714;0,3333;0,1923
2021-08-29;"OESTE";92;15;0;0;60;17;0;0;77;0;43;0;92;15;77;60;17;43;152;32;120;0,163;NA;0,2833;NA;0,163;0,2833;0,2105
2021-08-29;"SUDOESTE";96;26;0;0;100;41;1;1;70;0;59;0;96;26;70;101;42;59;197;68;129;0,2708;NA;0,41;1;0,2708;0,4158;0,3452
2021-08-29;"SUL";226;21;10;4;156;59;3;3;205;6;97;0;236;25;211;159;62;97;395;87;308;0,0929;0,4;0,3782;1;0,1059;0,3899;0,2203
2021-08-30;"CENTRO-LESTE";128;38;16;11;105;43;5;3;90;5;62;2;144;49;95;110;46;64;254;95;159;0,2969;0,6875;0,4095;0,6;0,3403;0,4182;0,374
2021-08-30;"CENTRO-NORTE";30;10;0;0;30;13;0;0;20;0;17;0;30;10;20;30;13;17;60;23;37;0,3333;NA;0,4333;NA;0,3333;0,4333;0,3833
2021-08-30;"EXTREMO-SUL";30;2;0;0;50;22;0;0;28;0;28;0;30;2;28;50;22;28;80;24;56;0,0667;NA;0,44;NA;0,0667;0,44;0,3
2021-08-30;"LESTE";511;103;37;25;491;139;27;18;408;12;352;9;548;128;420;518;157;361;1066;285;781;0,2016;0,6757;0,2831;0,6667;0,2336;0,3031;0,2674
2021-08-30;"NORDESTE";9;0;4;0;8;4;0;0;9;4;4;0;13;0;13;8;4;4;21;4;17;0;0;0,5;NA;0;0,5;0,1905
2021-08-30;"NORTE";70;3;0;0;60;19;0;0;67;0;41;0;70;3;67;60;19;41;130;22;108;0,0429;NA;0,3167;NA;0,0429;0,3167;0,1692
2021-08-30;"OESTE";92;14;0;0;60;18;0;0;78;0;42;0;92;14;78;60;18;42;152;32;120;0,1522;NA;0,3;NA;0,1522;0,3;0,2105
2021-08-30;"SUDOESTE";96;28;0;0;100;32;1;1;68;0;68;0;96;28;68;101;33;68;197;61;136;0,2917;NA;0,32;1;0,2917;0,3267;0,3096
2021-08-30;"SUL";226;20;10;0;156;55;3;1;206;10;101;2;236;20;216;159;56;103;395;76;319;0,0885;0;0,3526;0,3333;0,0847;0,3522;0,1924
2021-08-31;"CENTRO-LESTE";128;29;16;10;105;41;5;1;99;6;64;4;144;39;105;110;42;68;254;81;173;0,2266;0,625;0,3905;0,2;0,2708;0,3818;0,3189
2021-08-31;"CENTRO-NORTE";30;6;0;0;30;11;0;0;24;0;19;0;30;6;24;30;11;19;60;17;43;0,2;NA;0,3667;NA;0,2;0,3667;0,2833
2021-08-31;"EXTREMO-SUL";30;1;0;0;45;23;0;0;29;0;22;0;30;1;29;45;23;22;75;24;51;0,0333;NA;0,5111;NA;0,0333;0,5111;0,32
2021-08-31;"LESTE";511;118;37;24;491;133;27;17;393;13;358;10;548;142;406;518;150;368;1066;292;774;0,2309;0,6486;0,2709;0,6296;0,2591;0,2896;0,2739
2021-08-31;"NORDESTE";9;0;4;0;8;4;0;0;9;4;4;0;13;0;13;8;4;4;21;4;17;0;0;0,5;NA;0;0,5;0,1905
2021-08-31;"NORTE";70;3;0;0;60;18;0;0;67;0;42;0;70;3;67;60;18;42;130;21;109;0,0429;NA;0,3;NA;0,0429;0,3;0,1615
2021-08-31;"OESTE";92;7;0;0;60;19;0;0;85;0;41;0;92;7;85;60;19;41;152;26;126;0,0761;NA;0,3167;NA;0,0761;0,3167;0,1711
2021-08-31;"SUDOESTE";96;24;0;0;100;33;1;1;72;0;67;0;96;24;72;101;34;67;197;58;139;0,25;NA;0,33;1;0,25;0,3366;0,2944
2021-08-31;"SUL";226;19;10;0;156;54;3;2;207;10;102;1;236;19;217;159;56;103;395;75;320;0,0841;0;0,3462;0,6667;0,0805;0,3522;0,1899
2021-09-01;"CENTRO-LESTE";128;33;16;10;105;36;5;1;95;6;69;4;144;43;101;110;37;73;254;80;174;0,2578;0,625;0,3429;0,2;0,2986;0,3364;0,315
2021-09-01;"CENTRO-NORTE";30;5;0;0;30;14;0;0;25;0;16;0;30;5;25;30;14;16;60;19;41;0,1667;NA;0,4667;NA;0,1667;0,4667;0,3167
2021-09-01;"EXTREMO-SUL";30;1;0;0;45;21;0;0;29;0;24;0;30;1;29;45;21;24;75;22;53;0,0333;NA;0,4667;NA;0,0333;0,4667;0,2933
2021-09-01;"LESTE";336;127;30;13;446;131;20;13;209;17;315;7;366;140;226;466;144;322;832;284;548;0,378;0,4333;0,2937;0,65;0,3825;0,309;0,3413
2021-09-01;"NORDESTE";9;0;4;0;8;4;0;0;9;4;4;0;13;0;13;8;4;4;21;4;17;0;0;0,5;NA;0;0,5;0,1905
2021-09-01;"NORTE";70;4;0;0;60;19;0;0;66;0;41;0;70;4;66;60;19;41;130;23;107;0,0571;NA;0,3167;NA;0,0571;0,3167;0,1769
2021-09-01;"OESTE";92;8;0;0;60;17;0;0;84;0;43;0;92;8;84;60;17;43;152;25;127;0,087;NA;0,2833;NA;0,087;0,2833;0,1645
2021-09-01;"SUDOESTE";96;21;0;0;90;29;1;0;75;0;61;1;96;21;75;91;29;62;187;50;137;0,2188;NA;0,3222;0;0,2188;0,3187;0,2674
2021-09-01;"SUL";226;16;10;3;156;46;3;1;210;7;110;2;236;19;217;159;47;112;395;66;329;0,0708;0,3;0,2949;0,3333;0,0805;0,2956;0,1671
2021-09-02;"CENTRO-LESTE";128;25;16;11;105;38;5;2;103;5;67;3;144;36;108;110;40;70;254;76;178;0,1953;0,6875;0,3619;0,4;0,25;0,3636;0,2992
2021-09-02;"CENTRO-NORTE";30;5;0;0;30;15;0;0;25;0;15;0;30;5;25;30;15;15;60;20;40;0,1667;NA;0,5;NA;0,1667;0,5;0,3333
2021-09-02;"EXTREMO-SUL";30;2;0;0;45;21;0;0;28;0;24;0;30;2;28;45;21;24;75;23;52;0,0667;NA;0,4667;NA;0,0667;0,4667;0,3067
2021-09-02;"LESTE";336;113;30;14;446;129;20;14;223;16;317;6;366;127;239;466;143;323;832;270;562;0,3363;0,4667;0,2892;0,7;0,347;0,3069;0,3245
2021-09-02;"NORDESTE";9;0;4;0;8;2;0;0;9;4;6;0;13;0;13;8;2;6;21;2;19;0;0;0,25;NA;0;0,25;0,0952
2021-09-02;"NORTE";70;7;0;0;60;20;0;0;63;0;40;0;70;7;63;60;20;40;130;27;103;0,1;NA;0,3333;NA;0,1;0,3333;0,2077
2021-09-02;"OESTE";92;6;0;0;60;20;0;0;86;0;40;0;92;6;86;60;20;40;152;26;126;0,0652;NA;0,3333;NA;0,0652;0,3333;0,1711
2021-09-02;"SUDOESTE";96;24;0;0;90;24;1;1;72;0;66;0;96;24;72;91;25;66;187;49;138;0,25;NA;0,2667;1;0,25;0,2747;0,262
2021-09-02;"SUL";226;13;10;3;156;44;3;1;213;7;112;2;236;16;220;159;45;114;395;61;334;0,0575;0,3;0,2821;0,3333;0,0678;0,283;0,1544
2021-09-03;"CENTRO-LESTE";128;24;16;8;105;38;5;5;104;8;67;0;144;32;112;110;43;67;254;75;179;0,1875;0,5;0,3619;1;0,2222;0,3909;0,2953
2021-09-03;"CENTRO-NORTE";30;11;0;0;30;13;0;0;19;0;17;0;30;11;19;30;13;17;60;24;36;0,3667;NA;0,4333;NA;0,3667;0,4333;0,4
2021-09-03;"EXTREMO-SUL";30;4;0;0;45;17;0;0;26;0;28;0;30;4;26;45;17;28;75;21;54;0,1333;NA;0,3778;NA;0,1333;0,3778;0,28
2021-09-03;"LESTE";336;119;30;19;446;117;20;13;217;11;329;7;366;138;228;466;130;336;832;268;564;0,3542;0,6333;0,2623;0,65;0,377;0,279;0,3221
2021-09-03;"NORDESTE";9;0;4;0;8;2;0;0;9;4;6;0;13;0;13;8;2;6;21;2;19;0;0;0,25;NA;0;0,25;0,0952
2021-09-03;"NORTE";70;8;0;0;60;18;0;0;62;0;42;0;70;8;62;60;18;42;130;26;104;0,1143;NA;0,3;NA;0,1143;0,3;0,2
2021-09-03;"OESTE";92;7;0;0;60;18;0;0;85;0;42;0;92;7;85;60;18;42;152;25;127;0,0761;NA;0,3;NA;0,0761;0,3;0,1645
2021-09-03;"SUDOESTE";96;26;0;0;90;32;1;1;70;0;58;0;96;26;70;91;33;58;187;59;128;0,2708;NA;0,3556;1;0,2708;0,3626;0,3155
2021-09-03;"SUL";176;12;10;3;156;45;3;1;164;7;111;2;186;15;171;159;46;113;345;61;284;0,0682;0,3;0,2885;0,3333;0,0806;0,2893;0,1768
